ID,y
1,83.90136902210264
2,94.8210462119956
3,88.8919784631303
4,83.16604212390311
5,107.40621817845533
8,89.29301119376278
10,104.20641599235942
11,94.86931135280231
12,112.37965269578548
14,97.61585118702862
15,112.22777141462879
16,100.5112320535271
17,92.26270371931784
19,95.17288557470654
20,100.41711558742492
21,92.3037509473183
22,113.09089008350345
23,92.26270371931784
26,95.22001632094903
28,92.82731583909259
29,92.26270371931784
33,92.26270371931784
35,93.85993828086215
41,92.26270371931784
42,91.62928942198165
43,111.61503815443683
45,98.85969511020576
46,102.17917042289173
51,93.7740564408944
53,90.62679761649574
55,108.47018043113404
56,98.39619311483081
57,102.04506468110708
58,96.62341146237121
59,101.81145239774682
63,107.00032071522911
64,95.2422907263858
65,100.12283098693673
69,94.57565753132648
71,95.50119974717194
72,102.58213667665274
73,93.95034973099936
76,101.85250521750933
77,101.39370886861667
78,112.20262109010514
82,94.0107146776619
83,100.12283098693673
84,100.12610745540394
85,102.27836384980719
87,106.55696338988089
88,92.26270371931784
89,103.91167050902374
91,93.52819337591869
93,98.04445986365286
94,103.75347744300035
95,94.03701773867562
96,107.94912793875801
97,89.9638321935116
98,107.50163632362433
99,96.41591892774306
101,104.0373985010249
103,103.91167050902374
104,92.16481473172095
105,106.75484153821917
110,96.79112386285142
111,105.7566633848421
113,107.40031601720068
114,90.84842017020753
115,103.8888768788081
117,103.91167050902374
120,93.73723854331784
121,107.97280677521243
122,88.92575291350481
123,110.45093695845225
126,106.68229771789092
132,110.68701697297
135,104.88463507687341
137,103.75478589747699
138,95.02342167603769
140,98.25527880635732
142,103.13830646508252
144,106.84242793129285
148,89.63211737824662
149,104.35285833931357
155,89.96376188682372
156,106.49798230399352
157,89.9638321935116
162,107.55782242207468
163,96.26201012990188
167,91.86781681892435
172,111.61503815443683
179,108.93210094725015
180,89.36547454270244
181,107.38112865124074
182,97.25067647839691
183,103.91167050902374
185,103.91167050902374
187,106.87301921552489
188,94.04098277093064
189,95.05403522085034
191,93.05263755485991
192,101.81014703058518
193,95.36058845066901
194,107.46525817605722
195,92.72770584670722
196,103.8763573906322
198,99.1195056290196
199,106.8383483491154
201,100.04573991285167
204,95.00484577631838
205,100.86167798084126
206,98.6985632856934
210,98.33748314259122
211,104.0373985010249
216,107.33473063463214
219,112.37965269578548
220,92.57486974033488
221,107.27245801180561
226,107.38112865124074
227,94.10571586377715
228,106.72077120230345
230,106.28661328331243
231,89.9638321935116
235,113.09089008350345
236,95.49364901662003
238,106.25529915910715
242,103.18907958929933
243,93.53322979625415
244,85.31364044299724
245,108.26618929223167
247,107.13957052121701
248,90.68296314573772
249,92.10164291685541
250,109.11361008675198
251,95.49364901662003
253,113.09089008350345
254,91.01431982972517
256,94.09587302139511
257,89.58754496201472
258,106.97594418685313
259,96.40678023938908
262,88.02023213695703
266,90.79025879344736
267,107.56309651208193
272,101.92522788903266
273,103.91167050902374
275,89.3463929673518
276,106.34655238510092
279,97.28163368350596
280,100.12283098693673
283,90.39322397628395
285,106.680676513801
288,103.91167050902374
289,97.24114280540573
290,100.32988883207108
291,98.73401224026034
292,107.22447024482355
293,105.04807485842217
296,88.98074494027921
297,108.3329479181832
298,112.32549514021022
299,94.0107146776619
304,90.70934756564894
305,92.22448585326934
306,93.91549351912296
307,107.35634641028199
311,103.98036740674621
313,107.50666208780115
314,93.16008302627306
316,97.50214038020331
324,96.64711832667301
327,97.22442247592504
329,90.87924322569846
330,107.31826353382542
337,100.6318510874661
338,97.32798305968488
339,100.7170539704075
340,95.49216566338283
343,90.63599724325401
345,112.22777141462879
346,91.73771507940401
347,107.5780426347999
349,103.82358850729607
350,90.76711375838732
352,106.77444767552191
353,89.87616958361659
354,84.89823422265003
357,93.63499099440543
358,107.36279302795934
362,107.467008357724
364,99.8118608116362
365,103.02020366175779
366,96.62585422867885
367,106.66872496228136
368,94.43267448461106
370,87.81021474777849
373,96.68554795153489
377,93.43367419645872
378,104.43907338044704
382,101.85250521750933
384,106.72077120230345
390,94.86773982033091
392,108.97536373169555
393,107.87060539500801
395,96.76397534628174
396,102.45836088441644
399,87.5489549257266
406,107.50666208780115
408,107.50666208780115
409,90.86100550608086
410,83.0774164238306
412,108.52909360602553
413,89.27479319892278
419,94.4114619400262
420,107.5286925409743
421,89.47185337240123
430,96.91559653345102
434,94.66891680735795
436,95.65052723416869
437,98.27482116145293
438,90.19717291695744
439,106.35432561243918
440,97.48805492626646
443,104.66769474076655
446,94.7978516980056
448,95.00462664584377
452,94.88651194089891
453,102.88074983315205
457,100.07187956370228
458,93.87800944549724
459,108.0877827971654
460,101.62960839236256
462,104.24662458619044
464,102.11014217618609
465,112.37965269578548
467,108.65433888949234
471,105.26192501060925
472,83.02680683174593
473,93.45455984972187
475,94.40290665339373
480,98.36514433176222
488,104.92660635423748
490,107.35634641028199
491,103.78955308715851
492,88.58835349045411
493,94.02551497203507
497,90.5731767421536
498,107.47336116216407
499,94.31608500281334
500,102.0030289672001
501,93.84756246452227
502,106.75222429323311
506,90.59535491946056
510,104.93411098725836
511,89.993644029195
512,91.02841676208202
516,91.3489199341023
518,92.26062555392409
519,107.04448590963328
521,91.62256523832527
522,107.00885277671824
526,108.37501736119376
529,96.36419728776008
532,107.40952682530022
533,95.077975727244
536,106.28562697923891
537,94.13827770340026
539,94.26978103681351
540,103.75085956167376
541,95.77967674650093
543,95.02441115318203
546,108.26809897365476
547,95.34644362415466
548,89.56498806342991
551,94.00879398458137
552,101.90034254869163
556,103.3800257012507
557,95.63597173802357
558,106.66872496228136
559,97.61291703663919
560,100.63471710544344
562,100.91519288598037
566,96.57224678062076
570,107.47336116216407
571,98.27482116145293
572,100.12283098693673
573,94.11051450040061
575,112.37965269578548
576,107.07381480187192
577,90.13860595448759
579,89.87742373780526
580,108.37464599203936
581,110.66598471192574
589,107.35634641028199
591,102.26568924461186
593,97.71028507716814
594,102.32693202716749
595,95.17440910055156
598,93.7206519905308
602,107.71171853876072
604,107.62299637670394
606,102.90054346019636
608,96.6158135455064
609,104.0373985010249
610,93.7864356881097
616,107.17854318239216
617,94.32462500995817
618,102.92894926590753
620,103.73869770687689
622,105.14561929067736
623,89.01888931121711
624,101.38454528571944
626,107.05116881623631
628,106.6814030123047
629,91.53056131155971
630,106.28661328331243
637,98.17739093786086
638,101.03479912462373
643,97.16840443090496
645,98.36514433176222
646,109.73539520696038
648,95.11948900793931
652,96.38812355479803
653,98.30391399656783
654,107.47336116216407
656,108.25111874838325
657,95.56800857532431
659,93.04124953908368
660,104.04221990105157
663,90.66434692849401
664,106.59966047992698
666,102.88429472275274
668,107.83789266334607
669,95.60988652257336
671,95.18959321300194
675,91.60496260548302
677,95.32614978336905
678,108.37471773836288
679,103.13767344875234
682,97.13641130666426
685,102.6810351023086
687,95.44092007952003
688,92.0181653008256
693,107.36473319245033
696,97.00278558658587
698,93.10750047310718
701,94.99581616910298
704,103.03412568860601
705,112.46133783180123
709,107.39296815721805
710,94.01623996616489
711,102.35929227119985
712,97.95399847127065
714,107.01681517057273
715,91.55887794021017
716,107.35634641028199
717,91.81746229999884
720,112.22777141462879
721,93.05263755485991
724,98.59215664831642
725,94.89659259318073
726,105.8359586125035
728,103.9885571858599
731,93.59329253873145
734,104.36783665106296
738,91.68558819747224
745,106.94814399320877
746,90.75663504985299
751,85.20162062713504
754,92.068882745701
756,93.52956160179339
758,95.07426457850147
759,103.32341181448568
761,113.07345375178296
766,96.41224182810627
767,109.05351416763963
768,89.01888931121711
769,103.9896056637376
770,93.69275192607
771,88.58835349045411
772,101.95403910914796
773,93.95070039087452
774,107.27825595147235
776,106.72077120230345
777,98.47306674128225
780,111.61503815443683
782,103.75085956167376
787,102.12220784584821
788,94.26978103681351
792,88.87932342346306
793,108.55946342259831
798,97.31185080563725
800,89.84325481722824
806,107.35634641028199
809,107.13588823367262
811,104.40948381133416
812,89.97216097984374
814,112.37965269578548
816,102.71363864188505
817,97.51427504361665
818,103.10825881290275
820,103.56395474746203
823,93.94867814720594
829,89.52997778192014
830,103.9137864613369
831,89.51281805437883
834,107.07893944916363
839,95.28639536139359
841,87.20260602595701
844,104.020093658406
845,93.92521069964748
848,90.70934756564894
850,99.34017900708592
851,101.78902178639508
852,93.99504344320016
854,93.63826289807098
855,97.31969376306448
856,102.8908022888361
859,102.20437243995657
861,107.27825595147235
864,93.84559837261372
865,107.30072317083255
866,90.2342965035889
867,91.06792642796584
869,95.24082001841911
871,89.4343571045614
872,107.35634641028199
882,101.93204565877647
883,94.66891680735795
885,97.57900290090684
888,97.12425942826417
893,107.19978033724544
901,108.39503020501148
903,103.78955308715851
904,93.94131037736926
905,101.94528335464773
910,98.50537812826454
911,108.83847030363552
914,106.12425889984871
918,103.60346460861246
921,88.96517318647976
928,94.33495106156397
929,102.18012671525176
932,97.65228895081945
933,103.67387565710612
934,98.50537812826454
935,107.35608765085429
937,88.05307653065412
939,94.0107146776619
940,101.98147022904072
941,94.626496711026
942,103.54203050604869
943,93.68557685384462
944,101.75529063039352
947,107.35634641028199
949,107.83857611256643
951,104.15667885062662
952,98.08947272090599
953,103.78955308715851
954,84.51081151031556
957,106.75104922631151
959,89.9917318962454
960,107.09317225055759
963,112.37965269578548
965,107.35634641028199
967,102.38427225932911
971,93.88016177451246
972,83.27701491504656
973,94.26970479734044
974,106.81747058942231
975,94.68654263734896
978,103.83773952053699
980,106.62825899861483
981,93.22571355459552
984,106.24891426790805
986,98.50537812826454
988,89.01888931121711
989,107.91771511818172
990,102.87925921128233
992,108.39503020501148
996,98.28652505289482
999,106.68854420641867
1000,96.62004124533118
1001,107.30072317083255
1002,89.41035408611691
1003,106.72077120230345
1004,89.74610918191001
1008,107.78040690778141
1009,94.90249650039875
1010,105.24838964504168
1012,107.73200097600343
1013,92.23711929266099
1014,104.55582678201881
1015,89.62711872928372
1016,112.3173812140854
1019,89.71201669703133
1020,106.30592247596434
1021,98.50537812826454
1022,102.4911411560757
1024,98.50537812826454
1025,86.58103010974897
1027,95.28820616277075
1028,102.1054763015643
1029,93.91957330572538
1030,96.84788113015557
1033,106.84213365643599
1036,95.02722076287664
1037,106.77592149250522
1038,90.81886515188334
1042,94.0107146776619
1043,102.20093812236446
1044,94.09483379240156
1045,107.16465595011056
1047,108.2352670866898
1050,95.17643379662702
1051,107.17477195344543
1054,93.87800944549724
1056,93.22571355459552
1057,94.81786717998611
1059,95.53989101632445
1062,97.42312031645723
1063,101.39796140971983
1064,93.22571355459552
1066,93.78508321520331
1070,102.91163224376902
1076,107.06814298735836
1077,93.55125522500082
1078,106.97233219734098
1080,107.09968458816748
1082,100.81695237638563
1083,97.15251594786498
1089,101.19572823128846
1091,97.12425942826417
1093,94.79372771057764
1097,94.54787575396543
1099,90.63636717307739
1101,98.50537812826454
1103,94.64939565744785
1104,106.89836349373239
1106,103.35183537245868
1109,93.21914443876626
1110,107.3223244396614
1111,97.69042498178148
1112,110.63005254175756
1114,93.7740564408944
1116,91.69702815666396
1117,106.93138264010254
1120,94.12582039710091
1124,106.71616023132546
1125,91.60910282684884
1126,108.66442470584155
1134,107.16740340936734
1137,91.75240762346351
1138,107.4631676588039
1144,107.35210415698742
1145,95.17440910055156
1146,93.16008302627306
1148,94.6793378481988
1150,93.99055005462365
1152,104.020093658406
1153,97.33448410854695
1154,103.18646072532498
1155,94.04098277093064
1157,93.28896585063194
1162,94.0107146776619
1165,106.66873205389906
1166,93.89491707412236
1167,102.94753979760836
1168,98.32491988640903
1169,102.20437243995657
1171,113.09089008350345
1172,95.61457727315442
1173,102.20437243995657
1174,94.52703279399678
1176,97.21786027277527
1177,101.69121316661345
1178,93.63499099440543
1182,106.88980633726526
1186,98.36514433176222
1187,107.40829165995288
1188,92.10164291685541
1189,111.61503815443683
1191,103.74749219841785
1192,93.92636079348257
1197,107.94506950079113
1198,90.6855742820951
1200,83.2850873626231
1201,94.90565734866756
1203,94.14679075621903
1209,112.37965269578548
1214,102.33000696490426
1218,107.03455356150657
1222,92.25947008649239
1226,97.54798242580999
1228,93.77840165978262
1230,92.96600875979244
1232,84.37538446748485
1233,96.03433959956247
1236,108.08804702137672
1238,93.67184686952658
1241,107.35210415698742
1244,101.94514857500968
1246,92.27845140391791
1247,107.1216527544238
1250,108.05852538153243
1251,90.87478614791665
1254,103.67541920390833
1255,94.07347091588437
1256,107.34340756494966
1257,89.40660619863476
1258,96.89572936392179
1259,107.34547798571171
1260,97.45660747946852
1263,107.36341549169303
1267,87.59115343591752
1268,104.96219584871864
1271,94.02629896478174
1272,107.19978033724544
1274,103.86239473903075
1275,94.0107146776619
1276,107.17477195344543
1277,90.97439850141328
1279,93.16008302627306
1281,99.1282998518351
1282,92.10164291685541
1283,108.14309384141366
1285,105.97391650556473
1286,92.1937541497111
1289,107.61576084048653
1296,105.33725308825186
1299,94.02104649573005
1301,98.28652505289482
1306,90.96891185921469
1307,93.87984059777483
1308,93.12938713844957
1313,107.17477195344543
1314,95.58359498880999
1315,107.3223244396614
1316,93.60627289743516
1317,107.3235196181476
1319,90.84819074302393
1323,98.20156382982964
1324,104.29332152876589
1325,93.38484584918544
1328,102.94787728202337
1329,93.55507923800806
1330,107.27825595147235
1331,94.9411122047583
1332,101.70409962480127
1337,97.4689032238891
1338,104.59266981758464
1339,91.62256523832527
1340,108.10832887552093
1343,104.57359232118472
1347,102.4204458485288
1348,94.26666356713486
1349,104.14867851596964
1352,93.16008302627306
1354,97.29719075867074
1359,107.08068864066627
1360,98.34082365788257
1363,107.3235196181476
1364,97.00278558658587
1365,103.0597306754665
1366,96.51800382454563
1372,97.73017127302535
1375,100.10067257612698
1376,94.73308422113425
1378,91.0838632446109
1379,106.32046765014351
1380,98.50537812826454
1381,102.20437243995657
1384,103.59918249116545
1387,94.02104649573005
1388,107.0222853559185
1392,86.5152375948498
1394,101.83659259536341
1395,97.40330460964036
1396,107.50666208780115
1398,95.62523483577077
1399,107.50666208780115
1400,93.27446874074407
1401,91.77805975046782
1403,94.55545666188708
1404,99.82013026764994
1406,107.50666208780115
1407,93.69082791488745
1408,107.36341549169303
1410,87.59115343591752
1412,107.35634641028199
1413,94.78743326435223
1415,95.51986670757046
1420,107.36341549169303
1422,107.03455356150657
1423,99.11190845590914
1424,107.36341549169303
1425,98.91376043486981
1426,87.59115343591752
1427,94.14679075621903
1429,90.84174593900931
1430,107.09022655713366
1431,97.47620809917636
1432,101.36739296457478
1434,107.79122112231204
1437,94.18556071907972
1438,103.7427097917081
1440,107.68687139662568
1441,107.54613259661937
1442,93.63499099440543
1444,106.44514527510964
1445,95.2743572071721
1446,103.9200096022888
1448,89.95451454882364
1453,91.96853929544824
1454,107.35634641028199
1455,93.92636079348257
1456,102.93231924193687
1458,107.35634641028199
1459,91.12473014110392
1461,97.69362395018199
1465,94.02104649573005
1466,107.05840879401791
1469,98.20156382982964
1472,91.96853929544824
1474,94.55929762736594
1477,103.44234214969956
1479,103.45574087151341
1482,96.96946365111796
1483,84.23973165282507
1487,95.45098809389225
1488,107.47336116216407
1490,106.61752433496015
1492,102.3829836958375
1494,111.55110363782009
1496,100.51205040174058
1497,96.94045458118929
1499,95.32667864300028
1502,93.47692206832666
1507,100.39051239297379
1508,93.16008302627306
1509,103.68808655158726
1511,90.75663504985299
1512,104.35724438597747
1513,112.04667119561695
1514,103.0580301789352
1518,106.32573865998036
1519,89.15219914437895
1522,107.43986681837417
1524,83.35174522103928
1527,93.63499099440543
1529,90.00616300416343
1532,102.86655684591695
1536,106.57766559401674
1537,112.37965269578548
1539,101.29907023609167
1542,107.64175338082951
1543,94.73308422113425
1544,103.63382585571986
1545,88.59680214976561
1550,94.5842835006814
1551,105.27429221154787
1554,100.5112320535271
1556,104.020093658406
1559,89.40660619863476
1560,82.86080512251006
1562,93.82161383008736
1566,89.84092036550376
1567,106.25813024403955
1569,102.81451023405326
1570,110.47889637545626
1571,106.79852417146562
1574,93.16008302627306
1578,103.75085956167376
1580,91.0711297955638
1583,104.6743907924054
1584,93.16008302627306
1585,103.92855497833358
1586,95.55205321901276
1587,106.72077120230345
1588,88.9548533838441
1590,110.97620269248311
1592,102.73698921680963
1596,101.23306232701746
1598,107.06146481858673
1599,93.84183939207102
1604,104.33049507498106
1606,102.27460028072498
1607,94.78743326435223
1608,99.85099484229552
1609,113.09089008350345
1611,94.67506197650039
1613,97.26046659119928
1616,96.01902352433855
1619,109.25698236816659
1620,89.81904057243354
1621,106.13156465360791
1622,94.19664713730457
1625,108.39503020501148
1627,113.09089008350345
1629,106.63348704774394
1634,94.56004485166304
1636,93.90756001695661
1638,102.92129574037324
1639,94.85484958272524
1641,94.04814036286308
1643,97.23075900131391
1644,101.15455029381802
1645,111.61503815443683
1646,97.47892364723576
1647,100.62977177690178
1648,93.34091999517997
1652,91.0711297955638
1653,106.84959763691398
1656,89.41903403674175
1658,93.84183939207102
1659,107.46525817605722
1661,99.68488233156567
1663,94.78743326435223
1664,107.21016548938209
1665,93.95658697713247
1666,104.020093658406
1667,99.88074654948436
1668,84.57977536778351
1669,99.35787985563154
1670,97.1971023875809
1672,106.70241001621295
1674,104.55582678201881
1677,107.47336116216407
1678,90.06438064366478
1679,107.5093543278435
1680,94.67551963854213
1683,102.09390813185408
1686,102.90358036838717
1687,107.16056919409243
1689,106.66872496228136
1690,91.03778221831706
1691,112.22777141462879
1692,107.1301241440858
1693,93.16008302627306
1695,95.08865036546175
1696,91.96853929544824
1697,107.31826353382542
1700,104.020093658406
1701,95.94449485305174
1702,106.46863036660488
1703,89.18656855494461
1704,107.78621873304265
1706,95.2016238181887
1707,106.24891426790805
1708,93.38148669593706
1710,95.42833405426958
1711,101.5612076038691
1713,102.98921837429026
1717,101.7672456644154
1719,103.75085956167376
1720,94.55450138531516
1722,94.88863615797236
1725,102.7624212203258
1726,93.09569188368162
1727,101.17402823361175
1729,107.26948579442428
1730,91.24719814628952
1731,108.09172305199299
1733,104.020093658406
1734,95.15626925986831
1735,107.03455356150657
1738,97.26046659119928
1742,98.08356442328855
1745,104.55582678201881
1747,95.79148573955578
1749,94.44274007195187
1751,94.21424081337211
1752,83.13390957665221
1753,99.34856026309222
1754,95.92259495588112
1755,94.40290665339373
1756,100.88990879493632
1758,105.99201541120995
1759,93.92636079348257
1760,100.32988883207108
1761,106.67549457114683
1762,90.92642739004916
1763,105.02977734491625
1764,99.26439725911985
1766,96.80429910208144
1768,94.13033565996841
1769,87.60744780312046
1771,107.8340966216422
1772,96.01402723716329
1773,102.40268903711512
1774,96.9779220287919
1775,108.59981682179814
1777,105.76023005284654
1779,93.92636079348257
1780,100.12283098693673
1787,89.18656855494461
1788,94.09208914239068
1790,93.40340216633457
1796,106.41703172051719
1801,89.68492761670251
1803,93.16510448819271
1807,106.18743433510548
1809,105.94600228732267
1812,94.26004232752541
1813,104.51497076772743
1814,95.86395302770343
1815,107.3849105127195
1816,92.95577524745065
1818,90.58616981597285
1820,90.04420709286862
1821,108.2352670866898
1822,95.0966582567438
1825,93.77729858625531
1826,101.68575633296072
1828,93.3804437815815
1831,102.20195786611578
1836,101.64482445350227
1837,94.10428841389327
1841,94.55929762736594
1844,102.26109034076207
1848,94.20588084774774
1851,101.29907023609167
1852,97.27024694914368
1853,89.87263824864758
1854,106.21154517191452
1856,98.09027635654874
1859,105.85800506034107
1860,94.14077028624729
1861,85.4785295773915
1863,102.16536555494262
1865,94.626496711026
1866,102.03011991665748
1867,97.8024530596977
1868,89.0460475777024
1872,94.14563023022075
1879,98.16782265537007
1880,102.27836384980719
1882,94.21785910908292
1885,102.09390813185408
1887,103.23789559092725
1888,94.36614599334666
1890,103.56349626586051
1894,97.24966758153359
1895,102.2057905115006
1896,94.29496824137847
1897,108.05839786473358
1900,104.10437463028528
1901,89.40660619863476
1902,106.8994055981134
1905,91.64915622687894
1906,107.0548859786801
1912,103.78955308715851
1915,93.55391218437207
1916,103.14622267681571
1917,93.8152761470656
1918,101.51389883439224
1920,83.42400613841806
1923,94.98023191875522
1924,99.26670391523466
1925,93.27267594913357
1930,113.09089008350345
1932,107.50666208780115
1933,98.50148475106081
1934,106.90909177265317
1935,89.41444477462083
1940,87.59115343591752
1941,94.01199550614278
1942,107.577314694642
1943,91.55563052788152
1944,90.3900692209288
1945,101.53187424403819
1948,112.37965269578548
1949,90.82802553449355
1952,98.36465951720503
1954,93.16008302627306
1955,107.36341549169303
1958,91.62106755892187
1959,90.15318190873029
1960,105.02977734491625
1963,95.1203404944286
1965,96.17420639252785
1968,100.4098076543192
1969,97.00278558658587
1971,95.35660871530075
1972,108.3378002484799
1973,89.08676585827635
1975,89.44249781683841
1977,98.79528321303923
1978,93.36990022422287
1979,106.38039889273634
1981,89.35600210647576
1982,108.15569540770765
1987,107.51135035344493
1988,89.84092036550376
1993,100.37678647856892
1997,94.65094748852137
1999,93.8409308051975
2001,97.26046659119928
2002,108.30557523608279
2003,91.88497115178632
2004,86.58821578728163
2006,107.13705766826845
2007,94.55405828003624
2009,100.70120610964479
2010,94.97699846535252
2013,97.9478860801546
2018,88.4120596348106
2022,100.47119614607125
2024,104.80128986772155
2025,95.36863835056384
2026,103.07698620815515
2030,100.41711558742492
2031,94.98257232916606
2032,103.78955308715851
2033,93.92766790269043
2035,93.98502200608979
2036,107.15337594149089
2037,89.89602570219508
2040,97.28163368350596
2043,108.12419405433204
2044,101.70253156654829
2046,103.62431214865956
2054,109.26181372808922
2055,95.51379159841953
2056,100.12283098693673
2059,90.87058917279076
2060,89.40660619863476
2062,89.9704215632076
2063,108.21943214067177
2066,97.24966758153359
2067,107.01224594192173
2072,91.39057162371265
2073,106.60076428636916
2074,94.2610396793151
2075,103.90769333501657
2076,93.162661825211
2080,91.15546015988423
2082,89.40660619863476
2085,104.40893157254841
2087,104.52568085285215
2091,107.08015751253141
2092,97.54234097521487
2093,100.12283098693673
2098,98.49559662906564
2101,105.02977734491625
2102,90.63310474183089
2103,87.59115343591752
2105,102.15221418569884
2106,94.11051450040061
2107,104.5769237311999
2110,94.88651194089891
2114,93.25784235685069
2115,106.93116648660512
2117,90.66653085533741
2118,94.01362072675596
2119,102.45370818893123
2120,93.06867785445611
2122,93.92219340067834
2123,106.4541660823225
2126,95.18929804972719
2127,102.16557638503556
2128,94.40561330468181
2129,106.65725024015426
2132,98.22779538523014
2135,103.95913066905284
2138,97.44631579383727
2139,113.09089008350345
2141,104.32223013472115
2142,93.74567322568917
2146,97.95771137440288
2151,107.82033823182442
2157,103.02319121317038
2159,103.95239378574018
2162,94.04098277093064
2164,112.21455200835564
2167,89.55372285421137
2168,107.46034343037465
2171,93.17128836079145
2173,95.49807573104724
2174,104.41273611200896
2175,93.48331713777078
2178,93.95034973099936
2180,97.26046659119928
2185,107.02573335332954
2189,90.76299978785357
2190,107.01224594192173
2192,102.47167717371555
2194,108.29848254925335
2200,101.3497331255893
2201,91.86462582787858
2203,107.61008220588786
2204,91.72299469431093
2205,107.80760884711196
2209,104.0908576961934
2213,103.09966125428636
2214,93.3503842714742
2215,107.83290502178235
2216,91.74462520718714
2218,92.92823226609194
2219,104.57370489809618
2220,98.34082365788257
2222,89.68874007578232
2223,106.37733621504816
2225,106.52193954525978
2226,91.5990427674235
2230,99.37953684193923
2233,106.77182638929972
2234,107.4534745381892
2235,91.72299469431093
2236,82.63754907482468
2237,95.44362864028048
2240,108.16457644910435
2241,93.52339151047838
2248,103.1718555340386
2249,96.64294864324233
2250,102.92966980033789
2252,107.27312844567666
2253,91.80048051041774
2254,108.11821823071205
2256,83.09575441377572
2258,91.55982993322941
2259,104.86777804301956
2262,97.24966758153359
2265,94.26978103681351
2266,103.28174554305005
2269,99.03577898490495
2271,97.21252218773121
2273,89.85032775362934
2274,103.86502285927615
2275,91.71428996432037
2277,93.75654776340032
2279,91.72299469431093
2280,82.67017602527983
2282,97.26046659119928
2283,102.77413585311295
2288,89.81313790648808
2289,104.65853734699658
2291,93.4030297263741
2292,113.23501926940044
2297,98.38487995885617
2298,101.7425658009896
2299,95.87454484503293
2300,108.4064810105861
2301,90.71078188321135
2304,95.51379159841953
2305,100.48882497884998
2306,97.24966758153359
2308,93.44949141210249
2309,102.9845316123238
2311,98.04706871966766
2312,101.55283955368692
2316,102.66863550655361
2321,101.5612076038691
2322,107.15199445356136
2325,103.33145279342006
2326,94.76688478655258
2329,113.23501926940044
2330,93.85687408561337
2331,101.7563844842807
2332,106.89799629187809
2333,97.24966758153359
2334,102.47489121739635
2335,107.34340756494966
2337,106.2940648599981
2338,93.44387316075733
2340,106.89799629187809
2342,89.26188113162753
2345,91.61080689958406
2349,94.6797022888072
2351,83.50467505162432
2352,93.22486814507302
2354,107.24427483000453
2355,108.69182095494247
2357,106.52193954525978
2358,91.67580799215094
2360,97.94311402526088
2361,107.24427483000453
2364,93.63499099440543
2366,95.33451157704816
2369,101.37981448133678
2370,97.55474260264826
2371,106.89859745575124
2373,101.67447319230367
2374,98.76595323912257
2376,106.72077120230345
2378,103.72268324154605
2382,98.05947675175376
2383,89.82757035488225
2386,102.26583599524969
2387,95.42590903993376
2389,90.61807319348607
2390,102.21480708102061
2392,91.05167230074177
2398,106.89799629187809
2399,93.52939510636125
2400,91.10564726636227
2401,105.88956992581298
2402,93.87800944549724
2404,91.52300231944272
2407,100.37194716566255
2408,103.18853849166784
2409,103.73544063344626
2412,91.09663919805485
2413,98.39346476040932
2415,94.23713011869539
2420,101.55806896706572
2422,98.28372129049855
2423,102.50732224498842
2426,93.59901350866052
2432,93.9599791339959
2434,90.80745515080478
2435,90.82376917781527
2436,106.2597908368761
2438,102.76239572876828
2440,106.78237836941872
2443,100.62352518294732
2444,90.30932816415361
2447,103.1718555340386
2450,95.28557594060699
2454,94.95855188906187
2455,108.56544438017869
2459,97.24966758153359
2460,103.65562759870464
2463,97.98990545180335
2465,94.65099308208755
2468,87.59115343591752
2469,91.88497115178632
2474,91.41721924052565
2478,94.57440325596657
2480,91.14381613677335
2481,108.16457644910435
2489,97.26046659119928
2490,100.41711558742492
2492,89.41444477462083
2496,97.24966758153359
2497,105.36223082799137
2500,93.25198218192085
2505,97.28163368350596
2507,93.47125214829215
2508,107.80760884711196
2509,94.32462500995817
2510,88.1502849834112
2513,89.59501740370673
2515,97.26046659119928
2518,89.82757035488225
2519,102.32950811299776
2520,89.82757035488225
2521,105.30200422454061
2523,104.53727830128997
2525,94.28491683354534
2529,107.95014068462602
2530,92.16764008804684
2533,102.96612849721875
2535,90.85839478491644
2538,99.44079216568346
2544,102.99917665382834
2553,106.64529578749153
2556,94.9346817462189
2558,90.28140183008709
2559,105.17474515062024
2560,93.7343856092809
2561,107.3344744392455
2562,91.86100124181581
2563,108.34670731010605
2564,90.96891185921469
2565,106.77182638929972
2567,103.37319885012022
2572,94.25949209957238
2575,93.55975147024667
2576,106.66952989927859
2577,90.02132699286922
2578,94.04884491753732
2579,106.8916734386208
2580,90.04321119614923
2582,106.77111200686164
2583,90.9603063252259
2587,94.48837143878102
2589,107.96326060347656
2590,94.53073164368442
2591,107.95014068462602
2594,90.9791085461511
2597,97.6809006400008
2598,103.67381586757637
2599,95.54802594408483
2600,99.87960246277231
2602,104.95765744882652
2603,94.25949209957238
2604,100.43412016651595
2606,104.97716048769541
2607,83.13390957665221
2608,91.39057162371265
2613,107.80760884711196
2614,91.82863141286433
2615,107.46013850754389
2617,108.22811667689813
2620,93.99055005462365
2623,105.80403192655409
2624,93.21841456061651
2627,107.80760884711196
2629,83.13390957665221
2630,89.93660886644126
2632,96.30637520101602
2636,92.1695597643883
2639,98.6135886297833
2640,103.08429484296121
2642,107.95014068462602
2644,103.95913066905284
2646,104.79922309185586
2647,92.20872336623898
2649,94.11740214729481
2650,102.63083188324353
2652,104.020093658406
2653,98.8764177376152
2655,103.53648483248637
2657,106.89799629187809
2659,107.50666208780115
2662,90.10847226710236
2663,108.16457644910435
2664,98.69119178773026
2665,103.09200083622018
2670,95.91726308164422
2671,103.16870894623875
2672,94.44643466024311
2675,104.020093658406
2677,104.20447640223617
2679,103.43258433343253
2683,107.81025407296956
2684,92.98391407645994
2685,97.26139871506481
2688,103.31130599314443
2689,98.23395564782534
2690,102.93358705700595
2693,95.30107173349268
2694,105.17179159932294
2697,101.28917597617962
2699,93.98125103582603
2703,91.00998668406068
2705,101.87102803341939
2709,88.90353020485387
2710,95.12055842290292
2711,108.00559363042987
2712,95.48332375177534
2713,99.62905093495331
2714,104.40635774235261
2715,91.5584109180306
2717,89.44521674609358
2718,105.10609981614982
2720,107.2984587408531
2721,94.7916916529869
2726,95.21526955194103
2728,93.74709220853977
2731,102.08550981164855
2732,107.35210415698742
2734,91.30627516999752
2736,103.67180124149223
2737,96.43865616434441
2738,102.62862384616406
2739,103.83575622680969
2746,93.53460362987036
2749,102.61087681026673
2751,111.61503815443683
2752,102.568282888271
2753,95.03894969812345
2757,100.70120610964479
2758,94.14682788202538
2759,104.20109903408061
2760,95.32044073514683
2762,107.14976693145192
2764,93.82425920757917
2765,104.9289206721821
2769,107.18869642532069
2771,108.8110108267483
2774,92.24139960705456
2776,94.34165430499466
2777,100.36566246165594
2778,89.40660619863476
2779,107.34309507421752
2782,89.64866132456437
2784,91.54010438398714
2787,95.46887543932812
2789,96.42964558127979
2792,97.58975109535776
2798,95.54312539584951
2799,103.81241043472997
2800,94.81672624214897
2801,87.17874018462524
2802,90.79161387830187
2804,94.4222474504293
2807,103.0597306754665
2808,98.33520358862765
2809,103.4147954522317
2811,112.18150684315358
2812,93.80282799588306
2814,89.18723331251181
2816,94.64452224657859
2817,107.53098185125054
2818,103.14618720434854
2820,105.22825098689322
2821,90.36269613856156
2822,95.1217227878723
2823,101.74882934860108
2824,94.89212591551293
2826,91.63699232965598
2829,89.42893075215682
2834,93.56756050999293
2835,88.61916379181643
2838,98.88408879959177
2839,106.7280777290285
2840,91.03845547692663
2841,105.49551366318852
2842,97.24966758153359
2846,108.89246300379054
2848,98.1532546985374
2849,91.19410337341107
2850,104.40635774235261
2851,94.0107146776619
2853,91.88808602447332
2854,107.95014068462602
2858,108.43188883577642
2861,98.3597251734302
2864,89.41444477462083
2865,108.16457644910435
2866,106.03783832910854
2867,89.83433032742883
2868,106.59874531071661
2870,107.14473926425813
2877,94.63989380748019
2878,107.80760884711196
2880,106.69812213549223
2882,84.02175026087106
2883,95.2938462516271
2884,101.88097522808772
2885,93.18382362204898
2887,97.26046659119928
2888,107.52146812703268
2889,94.9358142927708
2890,103.8420648483216
2891,97.87497342243357
2892,112.3173812140854
2893,93.09283036404065
2898,106.88553163397025
2899,98.26581895748257
2900,107.1160190626854
2901,91.62212254252448
2909,98.35372684967167
2910,107.34268173323623
2911,107.43290832456262
2913,103.09620269741755
2914,99.34753815574796
2918,91.39464432300181
2919,107.38296199666408
2920,91.70444756179164
2921,107.80760884711196
2922,95.86238794398419
2923,99.16457478810653
2925,102.08467309400828
2926,89.99858077898567
2927,107.94579848361435
2929,106.32573865998036
2933,91.21763384383677
2934,105.23513287028729
2936,101.66453684304687
2941,99.96448602403343
2942,95.10270068322308
2943,103.83703519237594
2945,103.01099815069938
2950,89.77318310158748
2951,107.1219153431578
2953,104.02724564466529
2954,97.34032154717525
2955,103.11929804756943
2956,94.93371116849771
2960,97.3465070944661
2962,93.21492828486159
2963,101.88383428768506
2964,103.90303935069835
2966,82.87220552950501
2967,92.446473691691
2968,104.344974666618
2969,89.44249781683841
2971,91.06942440495192
2972,98.38487995885617
2974,97.33789541953115
2975,104.08222159212664
2977,111.55110363782009
2980,107.6722359408322
2981,90.4986505202272
2983,98.24109361046644
2984,100.51090950138604
2985,113.23501926940044
2986,99.82820670634212
2987,98.38487995885617
2989,93.60200145641303
2990,107.14139790290388
2991,95.16107590757777
2992,87.60744780312046
2995,101.28917597617962
2996,99.5514026967297
3002,106.15840967891816
3004,106.85398955762015
3005,113.07345375178296
3006,94.43916076324237
3010,95.35283987807773
3011,102.85018578802367
3014,89.99858077898567
3015,94.03743707940897
3016,94.18556071907972
3017,99.97863408532486
3018,91.08518057313451
3021,102.4272137839318
3024,103.67381586757637
3028,93.19434007341698
3030,89.40660619863476
3032,94.81087131206093
3039,94.29496824137847
3040,103.5168756991087
3041,95.24882690789185
3043,91.30631864470179
3044,106.55788329729405
3046,104.84692853610046
3055,90.46218409030685
3056,107.26590008406772
3058,90.02980288507199
3059,103.53690142416092
3061,112.37965269578548
3063,101.94476506768787
3066,96.71761570659108
3067,103.67381586757637
3068,82.70269964046926
3069,94.7916916529869
3072,112.1323668685916
3073,106.52084233057572
3074,94.85016249613716
3077,89.7612686316849
3082,93.33112550497056
3084,101.28917597617962
3085,104.59372601717395
3088,103.95913066905284
3091,92.03363719158126
3092,109.21919172009855
3093,94.8008984857374
3094,102.08550981164855
3096,106.90909177265317
3097,91.24719814628952
3098,83.89168482392049
3102,112.18301820026565
3106,91.3317825338213
3109,91.0734648526556
3111,90.97076402694842
3112,113.07345375178296
3113,94.78313693940976
3115,91.39057162371265
3116,107.74318828268537
3117,94.05664566391052
3121,104.16767677987755
3122,94.09729439518264
3123,93.25198218192085
3124,100.04573991285167
3125,94.18556071907972
3126,102.63844181761436
3127,112.22777141462879
3129,90.45228655468323
3130,107.34392638953382
3132,101.01650979984305
3134,103.43497399994207
3135,96.80708571746285
3137,86.0664170319489
3138,94.5352476877967
3140,97.62268524583149
3144,104.7397167804983
3145,95.84415505504317
3146,107.46013850754389
3147,94.28620887649336
3148,103.45496235562554
3149,102.37365516019089
3150,108.74822774956101
3151,91.7294032430452
3152,97.62353279074183
3155,95.09635141560003
3156,104.40635774235261
3159,89.84857207886957
3161,98.03090629141286
3162,102.62368269740385
3163,95.19326999305727
3165,102.4817288708889
3172,93.90317849996728
3173,105.26010550690845
3176,96.11585101878376
3177,101.83523090340437
3179,104.08222159212664
3183,92.76063058704452
3186,93.10458196454893
3187,103.08446285425558
3189,107.20853168930093
3190,91.66952373175026
3192,112.22777141462879
3193,93.90317849996728
3194,108.29780816062755
3197,94.02629896478174
3198,94.53412093212131
3200,92.34722343385788
3201,113.21734575788815
3202,94.53412093212131
3204,97.28163368350596
3205,90.47683936406499
3206,104.34859685091038
3208,102.32081663157558
3210,102.02516588822326
3211,98.09772239755206
3212,112.37965269578548
3213,94.96761784560492
3214,104.96219584871864
3216,103.8420648483216
3219,90.06418972068268
3220,105.13028786959906
3221,94.78313693940976
3226,104.80462655274525
3227,98.10996238444912
3228,103.61505413339192
3229,93.81808891206674
3232,87.59115343591752
3233,94.24660738488262
3234,94.1490340142197
3236,98.79417475232245
3238,107.84281125697527
3239,104.11522924819816
3240,93.582912260892
3247,107.37591432318902
3249,102.00866306916681
3252,106.84625425508874
3253,97.63647158785871
3254,103.88950152846462
3255,97.94796882884624
3256,106.67230722995716
3257,91.9912139738649
3262,97.29754048523888
3263,104.020093658406
3264,94.93371116849771
3266,107.99559479926577
3267,99.00537046559946
3269,96.49224696803878
3272,113.23501926940044
3274,94.02629896478174
3275,104.37306157701127
3277,97.46687539103023
3279,95.80444182451588
3280,102.33940918825326
3283,97.60547957761818
3285,97.26046659119928
3287,97.87326086681796
3288,103.67381586757637
3290,100.82358881603425
3291,95.31654663363264
3298,106.27440694959475
3299,94.00763903720144
3302,103.8170376692659
3303,94.54656405276786
3304,100.71253327304952
3307,93.04685676410048
3309,90.52263740094754
3314,82.562407393762
3316,107.90680786848615
3317,94.87316602752945
3319,92.38746968658496
3320,108.25876726178203
3321,94.1209574510185
3322,103.97844651889349
3324,89.87742373780526
3326,89.04524014256428
3329,104.26409896192624
3330,90.96891185921469
3331,107.21662605312308
3335,112.3173812140854
3337,98.92052959277095
3338,101.53209700667645
3339,97.33762351053956
3340,107.0750902525002
3341,91.305908469756
3343,91.36041724772394
3346,90.22469420472635
3348,94.37630823471044
3351,103.67381586757637
3352,113.0889915990669
3355,89.03642810789695
3356,106.15092390340942
3358,102.3450384302777
3359,97.27024694914368
3360,105.65696763700689
3371,102.92484566709393
3372,94.65264879634175
3374,96.60381856239813
3377,104.52749477583095
3378,89.40399059943812
3380,101.9010735564392
3382,98.16470643929064
3386,94.65358858081129
3389,103.70001266011691
3391,103.19815579091565
3393,94.92720444176891
3394,102.83223939885241
3395,93.42883557985458
3397,107.80760884711196
3398,95.63030463661089
3399,91.96912803720589
3400,94.54787575396543
3404,101.49045197678981
3407,107.78127937857805
3409,101.97469199793487
3419,97.59004103075394
3421,91.99719960818821
3425,94.63149074811228
3427,88.3096417912218
3428,113.23501926940044
3429,107.17567065957593
3431,93.44148396784223
3435,94.74701046269124
3436,104.19478245027278
3439,93.79925770336992
3441,93.16764238039809
3442,113.23501926940044
3443,97.29754048523888
3444,102.8277342765056
3445,94.2720472875525
3446,102.84497939374259
3449,89.40660619863476
3453,93.96806581189693
3457,95.45319857735814
3460,103.55664793095704
3461,100.1821315681459
3462,91.96853929544824
3464,101.94476506768787
3465,82.70269964046926
3466,94.30056115369008
3467,101.65548239658901
3468,98.90335214994393
3469,103.49615563323225
3470,99.29317086867617
3472,107.95014068462602
3473,92.68477600328636
3475,90.80364453634235
3476,107.2481969763783
3478,102.04899230012239
3479,95.78239219978846
3483,94.03803238359035
3484,101.88078071854022
3485,96.57928880031051
3487,91.27558478739087
3488,107.86897058897787
3496,106.89878330267241
3497,98.55373106731086
3499,97.47620809917636
3500,82.6536276474528
3501,93.55975147024667
3504,94.02268765269909
3508,100.12283098693673
3511,93.3194934394437
3512,108.60392852740046
3515,90.67748863713884
3517,94.41613989757218
3518,99.29191704988678
3526,107.03826112211728
3528,104.40620322840745
3529,95.21727414685672
3530,107.28698454202595
3531,93.19575695578715
3532,102.27459676574975
3533,91.8312053661754
3534,94.90681796224784
3535,83.0995719954676
3536,91.80209700925019
3537,107.32314975106888
3538,94.68654250099819
3539,102.74817259678385
3540,102.46845473373705
3545,106.91914273237748
3546,89.38431807409074
3550,103.23789211337329
3551,95.06072482717217
3553,94.95299866289021
3554,103.55664793095704
3557,95.44362864028048
3558,106.59201845323406
3559,89.40660619863476
3561,94.80346416107513
3562,107.80760884711196
3563,94.04547944523829
3564,103.67381586757637
3565,94.2720472875525
3567,93.74790699174967
3571,103.67381586757637
3572,97.63913673318585
3574,99.17802485611472
3576,94.23316620232939
3577,106.73093995958948
3578,93.46813669234601
3579,94.17511548333718
3583,95.50715693574831
3585,98.38072271270897
3586,102.5650673548061
3587,106.41703172051719
3593,91.55930814695056
3594,102.17264984067059
3595,94.29496824137847
3599,95.44092007952003
3600,103.85542807457949
3601,107.95014068462602
3602,89.40660619863476
3604,96.3002068443346
3609,113.07090421871365
3610,107.16337931222094
3612,107.7871886387677
3614,107.67223443581379
3615,94.10845597793855
3617,95.79869653940091
3618,107.19950526867258
3619,108.83491869189285
3620,107.34028167948848
3621,93.97527483811456
3625,97.0134593132518
3626,102.32597068841869
3630,102.64537069408348
3631,99.29337651062946
3632,101.05174288697889
3633,94.14536941876011
3634,107.56309651208193
3637,94.58550049447328
3639,92.76868662572977
3640,107.6598520164217
3641,91.76942912590619
3644,106.2895039501569
3645,94.23712428532644
3646,92.20251929817195
3647,90.7660921423695
3648,107.70018338799105
3653,107.0173157519952
3654,91.26990111356076
3655,107.8883915299246
3659,102.8927439333183
3660,99.56746587092393
3662,103.57321334807877
3666,92.4146013988349
3668,96.07864703365675
3671,94.15564591395707
3673,93.27866486514716
3674,104.44803222271292
3675,91.65718724683377
3681,90.76439390034646
3682,106.79284673342997
3686,104.96219584871864
3687,93.84041997479595
3692,88.72724924489114
3695,107.28825716681948
3696,94.5464878223981
3699,107.49061528370305
3705,110.88383469009757
3707,87.59115343591752
3708,93.52351092744823
3709,106.2557926739325
3710,94.21785910908292
3712,97.0933258114317
3715,106.69349211822029
3716,93.58276500191346
3720,104.41379763544187
3722,87.59115343591752
3726,95.01371361547619
3728,93.69377120488295
3729,106.75985769228555
3731,102.40398289698282
3735,108.69614703421772
3736,93.20932877978655
3739,102.45567001471142
3741,107.19651355416863
3743,103.26540153584433
3744,93.40340216633457
3745,106.47608951170696
3746,97.93524317900788
3751,91.32712203568538
3753,95.74560699191063
3760,107.27493760658925
3761,91.94001660515946
3762,104.1782832058742
3763,93.51371145343352
3765,92.53881262965527
3768,104.7862321706455
3769,93.89563120314146
3770,100.48252282469316
3773,107.07497923243957
3774,94.8049633801427
3776,95.28804734384632
3778,92.45941416628702
3779,106.82176618532141
3780,93.60843270318205
3781,103.34290366839322
3782,95.33434292319886
3783,107.96714666254063
3784,94.48927284632295
3786,95.01371361547619
3789,104.61885872940238
3790,95.82761003339076
3793,108.66858111817055
3795,106.69812213549223
3797,98.55980987045632
3798,113.23501926940044
3800,104.19478245027278
3804,94.77820571158479
3810,95.21501436783241
3815,106.99763424175978
3816,94.77820571158479
3818,103.36494394001865
3824,107.95014068462602
3828,102.47972765349526
3830,108.03034453390714
3831,96.91451456398238
3832,83.13390957665221
3834,106.49440069864055
3835,90.82873868896736
3836,105.81361626000715
3838,97.26046659119928
3839,112.37965269578548
3840,108.41501105689991
3845,92.44919638741665
3846,107.50666208780115
3847,94.41613989757218
3849,82.6088237675019
3853,107.22522764834397
3855,100.12283098693673
3856,97.52635184827155
3864,89.37505204838872
3865,94.8913375234255
3866,107.6551173902733
3867,90.63619903966855
3868,104.19478245027278
3869,95.59296381943003
3871,91.60831681368975
3875,103.75393613595591
3876,94.3171794103081
3878,93.87151957882122
3879,106.04572682663267
3881,104.19478245027278
3883,104.87785601436346
3884,90.48333541715262
3886,104.15864579948665
3890,96.33431014734828
3893,105.93567622198889
3897,100.8137768125148
3901,94.41607977384813
3902,105.02977734491625
3913,104.48063266672014
3914,91.42148267914148
3916,90.43940825895451
3917,107.02192677907372
3924,101.15971448330835
3925,96.73130050561501
3928,94.98099327065168
3929,107.89275832983189
3932,95.05085901831953
3933,103.8420648483216
3934,86.93520819537258
3935,89.41444477462083
3936,93.93919575973133
3937,107.50666208780115
3938,91.21815124955103
3939,105.81361626000715
3943,91.31542474987155
3944,107.95014068462602
3945,106.76459428796913
3946,94.83508961527794
3947,107.0433821280135
3948,92.37783678230743
3949,107.84281125697527
3950,94.91182329950648
3951,104.38544903095736
3952,91.96853929544824
3953,104.1345178758512
3961,108.12314213399843
3962,93.54657600871933
3966,94.75723831243178
3967,102.44696458160008
3968,98.6225927038867
3969,107.86401879471009
3970,97.31969376306448
3971,100.41711558742492
3973,95.35825480518443
3974,107.85921326890914
3975,107.21303395385203
3977,89.20057622187869
3979,107.96223769173774
3985,98.60048750021595
3986,102.45797457653309
3988,105.69758933202625
3991,96.43865616434441
3992,103.42636250597455
3993,99.28536250266237
3994,91.34220087635791
3995,108.28210814506785
4005,107.56541593668128
4007,93.98389224421244
4008,102.48585855511556
4009,96.30356035437886
4010,106.90971474717588
4011,88.56583802070267
4012,94.15256224128703
4013,101.29907023609167
4015,104.99011539262257
4016,106.51147086380512
4018,104.08222159212664
4025,93.95658697713247
4026,104.40635774235261
4028,106.54664227384426
4029,94.84032414330419
4031,93.49029763489004
4032,107.06387175036295
4033,95.33207969392852
4034,101.62786683620558
4037,95.06093183396295
4038,101.99383549917752
4039,93.69728001469848
4041,95.30199331030254
4042,103.594125328936
4043,98.22021834091586
4044,103.8420648483216
4045,94.33956089356302
4046,107.00116616626126
4047,93.24730005578498
4048,101.16379712642863
4049,94.40620190307449
4051,92.15704528021492
4052,107.6955325248637
4058,103.55664793095704
4062,108.79343305443672
4064,106.34470841453819
4067,94.08245418240001
4068,82.91001923428598
4070,95.41892159890989
4072,113.35331347541151
4074,107.17720245984044
4075,96.06111907438361
4076,108.06724133377388
4077,92.0821189722405
4078,103.79506418507857
4080,103.8420648483216
4082,104.27066630552056
4085,94.25949209957238
4086,104.43095926950947
4088,104.40635774235261
4089,95.70466813367673
4092,82.43329033956266
4094,90.6774992663343
4095,108.05336920397241
4096,94.42577146456925
4097,102.95185916201733
4102,91.57904580134866
4105,100.51927519792521
4107,107.97557325502885
4111,97.03190233338246
4112,102.50694748052832
4113,94.29767972466274
4114,104.60392865335453
4115,91.06501455742158
4116,108.32362399671361
4117,94.50415348396047
4118,95.49904029124082
4119,106.76519065695547
4120,92.18162874161183
4122,87.52445370212871
4125,91.00730860858701
4126,107.5565158899607
4129,106.72077120230345
4134,105.44120206632213
4137,92.78061909536804
4141,99.40353404903253
4142,95.38611063539962
4144,97.26046659119928
4145,101.15971448330835
4146,101.18255693138187
4150,94.2429441633992
4151,87.84166296825389
4154,94.08245418240001
4156,92.5504529848276
4157,105.30142539253221
4159,106.51147086380512
4160,92.26515233293696
4161,106.82176618532141
4168,94.26828745859933
4171,101.97416902925947
4172,103.32369742474413
4173,94.7117487006914
4175,93.62820475379573
4176,103.8420648483216
4177,97.26046659119928
4178,102.22818869718274
4179,97.6634615909539
4181,104.37935137315034
4183,94.84032414330419
4184,104.78397189516056
4185,91.09886988734296
4186,107.70305074090473
4188,107.22066136248243
4190,107.5497294711657
4192,90.03119598006813
4193,105.64142522945588
4194,107.94579848361435
4195,97.81913614626508
4196,83.13390957665221
4202,94.93371116849771
4203,101.72479084386438
4208,94.34001958072912
4209,108.35834119402855
4210,91.328365280521
4211,104.49405879324623
4212,113.23501926940044
4214,102.04899230012239
4215,94.28620887649336
4216,106.32113854245955
4217,91.2934062579438
4219,95.75004561190052
4222,107.50666208780115
4224,85.56989968867086
4231,101.85413273004801
4232,94.84032414330419
4234,91.25237252495958
4236,97.26046659119928
4237,103.67381586757637
4240,95.96764591261692
4242,100.18322116360459
4243,94.85679508162183
4247,91.13382562063164
4248,107.88861429355933
4249,93.41101217604908
4254,102.54670566677365
4263,94.76416506748863
4265,107.79459945571148
4267,105.07010446467106
4268,107.21267838527731
4271,107.42843817896109
4272,94.626496711026
4273,106.30981012511246
4274,91.64978594810394
4276,98.6212403300762
4278,94.26978103681351
4280,95.10789434436245
4281,107.04581876773851
4283,95.02199610563878
4284,107.53551295454676
4285,97.74975223114224
4286,105.81715547130747
4287,93.87813511880239
4288,110.34430275004493
4289,91.2201746488803
4290,91.14891865436029
4293,92.28815608088897
4296,103.00241648122099
4297,91.1497658671371
4299,89.66479610914354
4303,108.05020401108888
4310,98.35426641149562
4312,101.54445315347584
4318,103.67381586757637
4320,103.98921421402294
4322,92.00770669298346
4323,110.53457706861545
4325,101.95888780613122
4326,106.44080256233218
4328,103.89184250093024
4330,102.1339084614968
4332,107.67308164908775
4333,98.31992348149447
4335,94.79999416339393
4336,104.58009906717932
4338,102.0045284315363
4341,97.28510691371632
4342,100.182382912388
4344,103.55664793095704
4347,97.42785821174007
4348,103.95913066905284
4351,103.20013964596968
4352,93.86768341572545
4353,103.94778666096857
4355,102.59503763590166
4356,94.25949209957238
4359,102.86212348095448
4360,98.24109361046644
4361,96.32291399338551
4364,97.60179917641914
4365,103.4600592077185
4368,96.98854690153276
4372,93.32117638142486
4374,90.82799912036931
4376,94.2247079820742
4377,103.04500640902252
4380,93.47485404832341
4383,103.44698074983376
4384,94.26978103681351
4385,100.0094189774077
4389,90.89712710882716
4391,93.57778422537325
4392,104.16222198271468
4393,90.39543439476275
4395,90.91341783910859
4396,107.80760884711196
4398,107.445355079225
4399,96.73977277968798
4401,89.89213292067934
4406,94.82194713610319
4408,102.29643874957658
4412,103.95913066905284
4415,97.86653410918358
4418,104.63021192179792
4419,90.82799912036931
4420,82.60072575758153
4422,107.95014068462602
4423,90.82799912036931
4425,98.10382129381776
4428,104.48427520359712
4431,104.58541289774215
4434,89.40483675269455
4436,95.12157006226082
4437,107.38853544079214
4439,112.37965269578548
4440,92.04010644333772
4441,108.64678531337128
4444,98.48309225516995
4445,102.04899230012239
4446,95.64564381840235
4447,107.53445539630732
4452,102.24988149970837
4456,107.40738544456259
4457,94.2720472875525
4458,104.79224185519527
4460,94.25949209957238
4461,112.2288729031873
4462,91.87918753980257
4465,99.9417480229318
4466,101.05849837787018
4468,96.92333879709986
4469,103.06674057889623
4472,104.6284450241377
4475,96.80901301350814
4478,91.27079497105322
4479,107.53043390420038
4480,95.50923760147458
4483,87.58435838529564
4484,94.01605866896784
4485,102.57707775976618
4486,97.31969376306448
4488,93.98687968855816
4489,102.98341294245616
4490,94.56762221755771
4491,98.20536843969546
4492,97.51427504361665
4493,104.42994589078128
4494,94.69332567973507
4495,102.19027558390387
4498,86.0664170319489
4499,94.32877353381116
4500,102.67917599661628
4503,106.61163445058982
4505,99.99940879332257
4506,98.91111034349537
4507,95.08027289245406
4508,103.67381586757637
4510,106.66873205389906
4511,89.3233839853853
4513,97.29719075867074
4516,82.79026962367614
4519,91.64750604951287
4521,98.28589637499655
4531,90.67284809871288
4532,84.87978385277307
4533,98.20120259229975
4534,106.51721583558844
4536,103.67381586757637
4537,94.2720472875525
4539,100.47923793561547
4542,102.31005071289178
4545,92.6237305666307
4549,91.01077089593133
4551,94.15451851623475
4554,102.4097855594362
4556,106.8105388261254
4559,108.89929217712674
4561,108.32315610753398
4562,104.70934568205253
4566,109.78532762769147
4569,95.31654663363264
4570,107.80760884711196
4573,94.87853580608623
4574,99.6891039712646
4575,97.23740609913585
4577,95.7995584395764
4578,107.50666208780115
4580,105.766194432747
4582,89.45911258559617
4583,107.95014068462602
4585,93.54359299693668
4587,103.67381586757637
4595,90.92857807061189
4596,107.64447225004012
4601,92.36645327957713
4602,107.50351708538037
4603,93.31352663883582
4605,106.71916919641205
4606,91.94710250574154
4607,106.91205933371232
4608,93.50125539410091
4610,94.92853216873414
4613,102.69867054909635
4617,93.04225198844898
4618,107.36341549169303
4619,90.06375361400161
4620,94.9159709782322
4622,95.56501514645137
4625,94.25949209957238
4626,103.67381586757637
4627,93.38148669593706
4629,92.22356609916683
4631,89.98505213223194
4633,103.67381586757637
4634,107.10644683773288
4635,94.34049069941229
4639,94.41546496023089
4640,102.39969389276209
4642,101.69318718617718
4644,103.35670775009714
4646,103.67381586757637
4647,95.28894660489908
4648,84.95778835453885
4649,95.28806029158093
4650,108.30452144060463
4655,91.01077089593133
4660,94.60697328603064
4661,109.46111857137623
4662,89.61989866666764
4663,109.00701283084156
4665,92.42458434654147
4666,107.73187857770759
4667,101.74970542219609
4668,94.68600354106634
4670,90.93105457028089
4671,101.31253396031693
4672,94.68000393151112
4673,101.71488794808903
4675,102.26711622221757
4676,93.22408629253131
4677,102.7860342568544
4680,95.58381010212725
4682,95.17302831177595
4683,107.54342492111354
4685,103.95913066905284
4686,95.51718102961989
4688,107.96714666254063
4690,103.89033035307514
4692,106.62853601782905
4693,93.59681490735109
4697,91.01077089593133
4700,105.20463657570208
4702,104.94808978222481
4707,112.3173812140854
4708,94.25949209957238
4710,90.80236408936591
4716,95.31669398566217
4717,95.26940139419081
4718,94.57928774647701
4720,95.10010133379242
4721,88.4905195973655
4723,93.4628883491779
4726,106.67469795886561
4727,89.05523763612291
4729,94.867907696504
4731,92.65379689109767
4732,107.43667324253816
4735,98.17037827985395
4736,102.19599263078308
4737,93.31352663883582
4738,103.84638747345114
4739,107.37038134888002
4744,101.94528335464773
4747,94.51577723435317
4749,105.22052589926763
4750,94.25949209957238
4752,107.95014068462602
4755,98.47495461947916
4756,103.08078932210015
4757,107.50777026965243
4758,93.88271532801875
4759,103.31535315768615
4763,95.16406470498187
4764,103.08555729524468
4765,94.95271209507666
4766,91.29445135589725
4767,106.31058490968766
4769,107.58050283004602
4770,93.26339889548746
4771,89.89511895418923
4772,103.67381586757637
4774,107.94579848361435
4776,103.58406173636861
4777,107.72295067932455
4778,97.8104181316726
4780,91.93106118754002
4784,91.84575534191194
4786,96.51647883348909
4787,82.93970494542937
4788,95.25618802886785
4789,107.95014068462602
4791,103.87867606004693
4792,95.18566045437144
4795,107.40440664432728
4796,90.34799293990156
4803,89.14251163737002
4805,94.76086169974099
4807,94.81024338698838
4809,93.01878811515328
4816,94.93073379131414
4817,87.19695607496308
4818,89.37201962853183
4820,93.92521069964748
4821,103.14478668014327
4823,106.57816362988743
4824,92.0493037906482
4825,107.99944436996331
4829,98.86253615134098
4830,94.93371116849771
4831,106.87976400785557
4833,100.15828652017447
4836,91.23008624231402
4837,107.96714666254063
4838,91.36772894826629
4840,92.93311454480815
4841,83.1991293728448
4842,88.9757407945916
4843,107.63371605481309
4844,93.70370468027434
4849,103.29784203797561
4851,101.33021185050744
4852,95.509291989613
4858,91.78116135654416
4860,94.93371116849771
4863,108.29603621538564
4864,93.07470632371286
4865,106.70102932164731
4867,105.18549387712025
4868,91.45748223522723
4869,106.28204776113648
4873,90.9577509545334
4875,97.64668997447824
4876,106.97556358560524
4877,94.44311243587246
4878,107.24427483000453
4880,82.7992980786419
4886,109.25230365245343
4888,101.14668149838373
4889,95.4204064748242
4890,108.32115237248942
4893,98.28140633382932
4895,96.81020785454085
4896,103.69934642467292
4899,91.19066943832757
4901,97.83660465690681
4902,107.47394653142871
4903,91.85723627946182
4904,107.95014068462602
4910,91.0442695993182
4912,90.09153678360616
4915,96.17633397879807
4916,102.35801650382163
4917,97.26609777455465
4920,103.67381586757637
4927,101.71647427068481
4928,93.69166392938368
4931,101.77321651282227
4934,94.19219627083142
4936,95.32576317405716
4939,107.92025841989158
4942,108.48584416176836
4943,94.77820571158479
4944,102.3077580049877
4945,96.65471559946477
4947,107.06331951529997
4948,90.90808889600387
4951,94.87853580608623
4952,107.95014068462602
4953,91.39211805536797
4956,91.85723627946182
4957,110.00407016199088
4958,92.96667294079059
4960,94.81070663021825
4968,94.45957323471724
4969,101.12326236925854
4971,102.41370047175418
4973,107.80350630455155
4975,106.2861713470033
4976,95.05925515236783
4978,93.10523717671632
4979,104.11279674755761
4982,91.72915792535345
4983,104.58607563894655
4984,94.92955054084568
4985,112.2288729031873
4986,93.86241502392465
4987,108.12314213399843
4988,98.48309225516995
4994,95.88301475323551
4995,94.78239267426011
5002,87.6270076812906
5004,94.98598473856771
5005,101.97976459051254
5006,97.26046659119928
5007,103.06596172965256
5009,106.60076428636916
5011,107.80350630455155
5014,97.44631579383727
5015,102.39632090325169
5018,94.32857216601022
5019,107.55753090776166
5020,93.97422827317581
5021,106.39358031551515
5022,94.98534532062891
5023,93.39063704191987
5025,94.87539966288621
5032,93.98159991706294
5034,91.72433565184251
5036,91.19805154899969
5038,92.42662527704344
5039,108.49327875688641
5046,95.2885467697077
5049,107.55753090776166
5051,94.07662573805555
5052,89.78373952690391
5053,107.94579848361435
5054,94.8049633801427
5055,93.95505417611007
5057,94.2720472875525
5059,94.10233354199481
5062,97.63796400463187
5063,108.4476776697786
5065,108.65937811972279
5069,93.94189529666563
5071,97.06891141134926
5074,107.20610766372884
5075,89.99858077898567
5076,109.95411520373348
5077,82.91001923428598
5079,102.52961233973114
5080,95.1197624656272
5081,107.8250346557505
5083,102.39779120452481
5088,104.2301735222967
5089,98.80299434778134
5093,104.37214118457165
5094,102.25393560058494
5095,98.96328665230851
5099,102.40939731247845
5101,106.38748522532859
5103,102.45700473290323
5104,97.87222113486776
5105,106.86123085993383
5107,90.83582361701372
5108,105.09210617903793
5109,100.3827845039512
5111,93.70587596387767
5112,107.35210415698742
5113,98.82221730037503
5114,103.51679566719011
5115,92.26515233293696
5118,99.68798455001485
5122,94.8049633801427
5123,82.34152498824368
5125,95.65449260584184
5127,103.14781776134606
5128,97.50589994339389
5129,112.21626744141085
5132,97.26046659119928
5134,104.63461907169018
5135,94.65987934161396
5137,108.42568039557312
5142,94.62667158995355
5143,101.46152453519734
5144,90.22722321004717
5148,93.3003476733387
5149,94.95080074339594
5150,101.15971448330835
5154,82.70269964046926
5155,93.53992773282309
5159,92.1514384653496
5164,98.81683621300004
5165,107.88146950653483
5166,94.06415175089525
5167,105.45670956658954
5169,91.00361804745454
5171,89.5240564954183
5172,106.46863036660488
5176,92.75751244117141
5184,104.01652049651
5185,91.25772433662466
5186,103.63803083776324
5188,102.00787347002891
5189,106.86109298583973
5190,90.72353225231083
5191,107.88146950653483
5193,106.72077120230345
5196,93.93848287248859
5199,87.2655572709751
5200,102.07886232160378
5203,91.04500094611365
5204,105.02977734491625
5205,90.54558849223278
5207,97.69282844732912
5208,99.21747955629888
5212,99.1570961571638
5214,96.56386710477202
5218,92.6533089604493
5220,91.82681326150946
5222,89.5456308389401
5224,95.5904766410828
5225,103.67381586757637
5227,106.28970735997518
5229,103.8600112117607
5232,89.45325518319648
5233,113.0738307207318
5234,99.85580139785289
5237,107.80760884711196
5239,106.05003972632272
5240,89.44448749703174
5241,107.55753090776166
5244,93.65004131852807
5248,107.38124903992649
5251,89.90181932149278
5253,94.14937021217244
5255,97.07515154691784
5256,100.15908229315708
5257,95.46401808184432
5259,95.47623368056166
5260,108.68578779467298
5266,93.41218950346028
5268,91.57185872201748
5275,107.8250346557505
5276,107.32541176267432
5277,94.88150701445431
5279,97.40024679198895
5280,103.75393613595591
5281,93.55507923800806
5283,96.99478216415889
5284,87.59115343591752
5285,94.78239267426011
5286,102.42156071695587
5287,94.85384524726325
5289,91.23659241202574
5290,106.72077120230345
5292,104.19550182395184
5293,95.40437165061044
5294,103.03865375980156
5297,91.02841676208202
5299,100.63525693564273
5302,91.54483573481885
5305,85.18143736742127
5306,97.1971023875809
5308,94.62338444169212
5309,92.3979551860537
5310,109.76376286036495
5312,106.12558964210092
5316,109.1723450363213
5317,95.62662391763148
5319,82.29538459245416
5320,94.87539966288621
5323,98.61368208697228
5329,104.07743435229676
5331,107.38749686946844
5334,107.436376441809
5336,106.81747058942231
5338,104.1624830285193
5341,99.39558693626908
5345,95.30045911151475
5348,91.93461651508156
5349,107.03602571616544
5355,100.6722199957444
5356,94.95591150826608
5360,103.85196541832258
5362,104.67658700839868
5364,106.77574171224299
5366,100.51230730154039
5367,97.11080518821075
5368,96.92968267838248
5370,95.29885268871787
5371,82.83717879773621
5373,102.67648029985162
5375,107.80760884711196
5376,91.05938057781871
5378,106.65791857228183
5379,99.53404851170873
5383,98.3116875877659
5384,99.45090181779423
5389,107.54765041460327
5391,83.06516553098658
5393,107.51299750083088
5395,109.45018047672704
5397,107.26090042901619
5398,94.93122174637693
5399,109.17370503159195
5401,113.015065033724
5402,91.59615812589186
5403,107.87370461740738
5404,90.79647254668743
5407,83.13390957665221
5408,92.21619669898844
5413,102.58680154613167
5414,98.31420723751458
5417,93.96202714412632
5418,104.19550182395184
5420,106.45853973582193
5421,90.08624487710551
5424,98.98576232501144
5425,105.02977734491625
5426,92.11096794179113
5429,107.05304940338576
5431,98.34255094739324
5437,102.4287159422237
5440,90.4108494875675
5444,103.70003333005184
5446,102.61619486547505
5447,95.38702458789736
5451,93.34443108477838
5452,100.66849815875975
5455,99.85580139785289
5456,94.24764376908871
5458,91.2179623453907
5459,103.3306132950984
5460,95.26081254254548
5462,93.32654437269733
5463,108.27555539505533
5464,91.66735725641706
5465,107.23502928720396
5466,97.35769917028718
5467,101.7593250283547
5468,99.1007898687228
5469,109.00701283084156
5472,94.8320623287142
5474,93.86116216009431
5475,109.87188519800517
5476,94.68977818227165
5479,103.74622018608406
5480,107.6955325248637
5482,104.20515380255364
5485,90.13746260856425
5486,113.11213575932139
5488,85.15065607991042
5495,103.8600112117607
5496,99.38805382062034
5497,106.89878330267241
5499,107.467008357724
5503,90.85671903888071
5504,96.59750797593787
5507,94.7117487006914
5509,93.68200791769824
5511,91.36537343357632
5512,105.95547534032889
5516,107.70018338799105
5517,94.52177794974303
5518,102.21563715767601
5521,95.03247187641695
5522,104.04389357779034
5527,97.20107783537605
5528,95.90352640488142
5529,106.56607882838857
5532,94.41965472029173
5533,104.55211170977141
5535,100.0823229738537
5536,98.06404844875487
5540,92.25645305112651
5547,94.47101572506652
5548,107.28698454202595
5550,84.02175026087106
5551,94.10731933417637
5554,107.20369004843621
5555,96.15096092383406
5559,106.28638677636155
5560,89.33465314095145
5561,108.89209673625513
5562,91.10225671826686
5563,106.4611331598581
5565,87.57529756170439
5566,95.18089267650797
5567,101.7193277906252
5568,94.01621157731327
5572,93.53182409783875
5574,97.35390168002336
5576,97.63768829041476
5579,108.34365737404434
5580,89.28151557483073
5581,94.07314972829818
5583,92.996430042333
5584,107.57924185309474
5586,106.9355503537371
5587,90.82945172950771
5589,102.55390175429027
5591,102.91506919965859
5592,93.69699759802273
5593,105.55570731176842
5594,95.57317313122758
5595,89.63999094947096
5596,107.96714666254063
5597,104.96432674139223
5598,112.29308148176365
5599,96.65471559946477
5602,108.87564465968097
5603,95.57317313122758
5605,94.502055060223
5607,90.6774992663343
5608,104.07448730813672
5609,91.98627864972615
5610,91.06501455742158
5612,94.8001545573136
5613,106.86109298583973
5614,91.33685554546089
5616,97.05872136560427
5621,94.29213267828644
5623,98.73037373281305
5628,108.02085238929928
5629,94.25675784253657
5631,102.3101519943551
5633,94.95501846595603
5638,102.43597923980812
5639,97.69763993593114
5640,100.44398110323193
5645,94.43128285040387
5646,84.55363186187198
5649,91.45918362458661
5653,104.01211986066141
5655,107.76948735207274
5656,95.25839926813616
5658,94.7978516980056
5662,113.07345375178296
5663,90.08232222245778
5667,93.98268613577973
5670,96.65471559946477
5671,102.46836342831875
5672,98.14229223523076
5673,102.39105515184417
5674,98.6212403300762
5675,100.27379849251783
5676,97.24966758153359
5679,107.83792088472316
5683,107.1341312297342
5687,95.28820616277075
5688,82.43329033956266
5690,94.59960577125385
5691,107.31434029256228
5692,91.46964520925692
5693,105.96538340927835
5694,94.21488618090001
5697,107.43729191721633
5698,89.01781987949991
5699,107.85921326890914
5704,93.79009347053852
5707,107.83792088472316
5709,101.0766332599888
5710,95.29755876601797
5714,93.94519584809751
5718,97.73223428180648
5721,95.08783366912505
5723,91.83804290902229
5724,108.65937811972279
5725,94.25949209957238
5726,104.34187362112857
5729,94.68501125567151
5730,102.09956863872827
5731,93.77179933135943
5733,83.33153127954624
5736,94.37598598277489
5741,100.33261301392423
5745,107.43992407874148
5747,98.47084053486513
5748,103.2025258377062
5750,107.38555804504692
5751,98.11419388969044
5752,94.35680985792978
5754,94.11540244482146
5755,91.75020906924266
5757,92.48049311793697
5758,111.4866176338643
5760,104.9344599991691
5762,102.63467921366613
5766,104.12951380012576
5768,94.77820571158479
5769,113.08700875715954
5770,94.67808318306675
5771,106.28497689574967
5772,90.60057540371479
5773,103.00911330776788
5774,94.70189645069293
5776,89.97104362432032
5777,107.85921326890914
5778,90.6649705373437
5780,108.49327875688641
5782,94.20211723542457
5783,83.42606972277059
5784,94.93371116849771
5786,95.44350924999651
5788,94.63593547826895
5789,103.94778666096857
5790,96.78769622681652
5791,103.8600112117607
5793,101.47821124606608
5794,93.70376911081534
5796,112.37965269578548
5797,99.117742454743
5801,94.24141945197623
5803,95.28820616277075
5804,107.31596431850213
5805,94.82703529734714
5806,82.562407393762
5808,107.40440664432728
5813,93.87800944549724
5815,93.54066232256582
5816,102.24410639992891
5822,92.29715549734061
5823,107.71700447160985
5825,102.24434980899964
5827,106.65304384083153
5829,102.46270615851867
5830,98.84696327840152
5831,103.84930901737823
5832,91.49198227810675
5833,107.40440664432728
5837,108.01674672753178
5838,95.74052298275932
5839,95.02545120677044
5842,100.44398110323193
5844,107.07983375454853
5845,98.28474549344247
5846,109.15768684126881
5848,83.30824220594039
5850,106.96118635893907
5851,89.95157420525929
5853,94.77820571158479
5854,102.09191559130208
5858,100.44398110323193
5860,106.9929570030247
5864,103.11401180513973
5866,95.45033319985578
5867,107.83792088472316
5868,91.19593820464624
5869,107.41765311094437
5870,91.89054013681763
5871,104.01873125660036
5874,107.88146950653483
5876,108.4633444892922
5877,89.83748941449275
5878,91.17357727762841
5879,107.55753090776166
5880,94.0249396579236
5884,93.29136675826936
5886,105.02977734491625
5890,97.99791104222977
5896,96.97791283153677
5897,102.75185545062826
5898,94.77820571158479
5901,102.76194897871933
5903,107.94579848361435
5906,91.06501455742158
5908,107.6955325248637
5909,90.74996416611636
5910,106.86109298583973
5911,93.71074899091678
5912,106.77574171224299
5914,107.88146950653483
5919,107.80350630455155
5924,91.92211456756476
5926,94.84140346959781
5929,103.07345532973335
5930,98.1584163452363
5932,94.76086169974099
5933,109.37137919540788
5934,91.08299737906822
5935,106.84938073512097
5936,90.42001852399038
5937,107.0245233637873
5938,93.89091862086819
5939,102.84106967633355
5942,103.04162307485691
5943,94.75733536441162
5944,100.90768404463887
5946,107.84281125697527
5951,91.33914185050709
5953,102.02061486582738
5954,93.94867814720594
5957,102.24385023884219
5961,99.12841997005442
5962,101.29907023609167
5964,87.19338177688627
5965,95.81951376794625
5968,107.88146950653483
5969,94.11427235582896
5974,91.34904563746878
5975,105.03963229731465
5978,83.1991293728448
5981,102.21563715767601
5982,98.02467178711322
5983,105.11286562538301
5989,104.60161784452168
5991,95.15260216757561
5992,100.11396029228372
5995,99.68959051239749
5996,102.79047069459604
5997,107.24441957809042
5998,92.13711332772527
5999,87.02844533655275
6001,106.41870882584892
6002,92.83384377816382
6003,104.1203748903583
6004,93.94867814720594
6006,106.62557963072707
6007,91.86249605801169
6011,97.37337504399028
6012,103.23255229797334
6014,93.71074899091678
6015,102.70053669313299
6016,93.63392610828737
6017,107.94799002130847
6018,94.77820571158479
6024,97.24966758153359
6025,103.10065227734924
6026,108.4598537318229
6028,106.7030245233205
6029,82.83430774709555
6030,94.8940663316655
6036,107.88146950653483
6040,94.82703529734714
6041,106.67469795886561
6042,92.41715153765568
6044,94.96665132098684
6045,103.8600112117607
6047,104.15766322444536
6048,98.87726734708161
6049,104.85804135135068
6051,112.22777141462879
6052,105.51382197441079
6053,89.45949455761468
6054,107.0628915801549
6058,101.44033881328329
6059,99.04584938255891
6062,94.87539966288621
6063,112.25213363796576
6064,101.944048032178
6065,94.82703529734714
6067,92.14642658516259
6068,106.64093372043908
6070,102.64102553756528
6071,100.13237184233061
6072,105.02977734491625
6080,105.02977734491625
6081,98.83652157483675
6084,101.32529497081184
6087,91.7705645181674
6089,103.02505000141551
6092,105.02977734491625
6094,94.17151788555593
6095,107.96714666254063
6097,111.03180682863488
6100,93.4317186766853
6104,103.61587990341312
6105,93.23987481877917
6106,105.5232745682798
6107,87.2638462197893
6108,94.65450952268274
6109,105.02977734491625
6110,91.12473014110392
6114,105.02977734491625
6116,95.23532968008294
6117,100.25236887513135
6118,95.18925289711436
6123,83.33589574425187
6125,107.94579848361435
6128,105.78209985187863
6130,102.68696223353233
6132,105.68018610997481
6137,82.95716919090222
6139,109.51064198605216
6140,90.79647254668743
6141,110.91174161540383
6142,104.02166906300667
6144,102.97316244257259
6145,95.24842778387189
6146,95.12801032559187
6149,90.22921943607913
6156,93.82822931044285
6159,108.56243049017425
6160,90.79647254668743
6162,101.61271164856845
6164,105.50668501795155
6165,89.84837783265523
6168,83.08708198066209
6169,107.40440664432728
6170,95.53854296144294
6171,107.40485099468596
6172,89.8042470171402
6173,107.41017106983352
6176,94.68501125567151
6177,89.7552308492057
6178,96.57467317667337
6180,98.16710659826181
6181,103.75393613595591
6182,95.12076155435784
6185,93.4931105958515
6186,107.26023737657377
6188,105.25559201720858
6189,91.9768860392686
6192,101.32529497081184
6193,94.81838185998198
6194,103.8600112117607
6195,94.78611692060755
6196,112.18301820026565
6197,93.1293845248655
6201,107.49990247616543
6202,91.11290996280172
6203,104.22662113570848
6204,93.231491423439
6207,113.2785834593098
6209,91.66952373175026
6210,93.60674574575684
6211,107.02362958746258
6213,108.39851382063728
6216,89.52445312043889
6217,90.95369744635735
6219,94.8001545573136
6222,82.63754907482468
6223,98.21207420272447
6235,94.7117487006914
6240,93.52296988713171
6242,94.09347451555068
6247,98.6212403300762
6251,106.33498468118478
6254,107.15801357668165
6255,93.51467025854708
6260,102.42419505113912
6261,93.62261147316332
6262,101.02214962822163
6264,108.37836875009832
6269,103.00180601293916
6271,100.12945665278967
6275,106.80450755256315
6276,92.12147290007194
6278,99.8692482211352
6279,107.43992407874148
6281,108.53704535865845
6284,91.50688492690053
6286,94.18709805995314
6287,84.8591180068531
6288,94.7916916529869
6292,91.23940956088632
6293,93.25518000799637
6295,95.68725818134337
6298,106.65791857228183
6300,106.84910840386522
6304,103.64002348454932
6308,106.51147086380512
6310,94.75023940033755
6312,105.02977734491625
6320,93.77179933135943
6324,90.16298675573898
6325,107.73944526194471
6330,96.74951623714382
6336,106.81105871950044
6340,100.23369463680243
6341,94.7117487006914
6342,101.21396129212519
6344,95.00320244851522
6345,105.14960388680845
6347,107.28698454202595
6348,91.52578119193197
6349,106.65791857228183
6351,82.93970494542937
6353,107.33326790204647
6354,93.55931885511367
6357,94.52149091498819
6358,101.0223162462519
6360,101.76380942621253
6363,108.02085238929928
6364,89.3233839853853
6368,108.51023504978373
6370,92.74854932161483
6371,94.3174991720277
6377,91.3941666148768
6379,98.61294014840365
6381,91.55133992172951
6382,82.70269964046926
6383,107.28698454202595
6388,108.18150791582701
6390,106.9713432336718
6392,102.46270615851867
6393,99.738606175801
6395,95.35343712939203
6398,102.46586173788374
6401,82.562407393762
6402,91.62599991917116
6403,106.90909177265317
6405,91.63889645807936
6406,90.37137141655587
6407,107.85921326890914
6409,104.04389357779034
6411,90.79450450839079
6413,95.45730326810605
6416,101.4535435895036
6417,97.55117677264846
6418,91.51888186710525
6419,113.0889915990669
6420,106.77988899447521
6426,106.19536466021391
6429,92.32310917368875
6430,94.96478980555939
6431,106.90909177265317
6432,91.66952373175026
6434,101.52203299534166
6437,107.76948735207274
6438,95.37252343532641
6439,101.9146451706429
6440,95.33730511054092
6441,92.8582945288801
6442,105.02977734491625
6443,95.88455043302716
6445,98.47084053486513
6448,107.6955325248637
6450,106.83348449115591
6453,95.42139052350517
6455,95.2410700613832
6457,91.06501455742158
6458,103.71137241686021
6461,94.2347894546699
6464,106.88980633726526
6467,98.25117866424945
6469,97.39512477772682
6470,86.0486639694117
6471,90.79647254668743
6473,102.01389674923749
6474,95.0971708120335
6479,94.14077028624729
6481,93.13190116149215
6484,106.47555994037185
6495,89.51296116405979
6496,107.04799219670413
6505,106.11406338266826
6506,98.48556816335525
6508,94.68501125567151
6509,94.76275858604247
6510,103.74622018608406
6512,102.21987491584193
6513,93.79009347053852
6514,107.55580685369583
6515,90.36623316118025
6519,94.9791753876676
6521,94.12368754501225
6523,84.02175026087106
6525,100.44398110323193
6526,99.11971379003798
6528,95.3485682696731
6529,104.25677576062353
6531,102.07670156308133
6533,101.15971448330835
6534,95.09994019561945
6535,107.84281125697527
6536,91.1854114933309
6537,107.7021456742396
6540,91.98254626830435
6541,107.28698454202595
6547,99.11058666464561
6548,103.78129474478663
6551,108.7441055136466
6553,106.20590940903168
6555,101.32529497081184
6556,94.7117487006914
6561,83.60160401881016
6564,92.47567475933849
6565,107.84281125697527
6568,98.5145958172284
6569,105.02977734491625
6573,100.45357553044757
6574,94.36299960112754
6577,107.59998505979648
6579,108.02085238929928
6581,94.08599125344253
6582,106.97556358560524
6585,100.51521280959435
6586,94.83977506114603
6589,104.12573586397757
6590,83.85896938204544
6593,94.84737193362119
6594,107.16427833636524
6595,90.96883357195227
6599,94.0211427692157
6600,91.212734304634
6601,111.27630694666968
6602,89.3233839853853
6603,107.6955325248637
6604,95.53854296144294
6607,102.45721488389248
6608,106.23223826414349
6609,93.17636889683408
6611,98.5758745633867
6613,105.02977734491625
6614,92.18584502034933
6616,91.10386737609613
6617,105.02977734491625
6618,93.94867814720594
6619,99.058051052946
6621,101.32529497081184
6627,101.34615356722595
6629,107.16179638423618
6631,83.2044043643448
6634,95.37756225381806
6636,93.75968550433261
6638,98.5145958172284
6639,105.02977734491625
6641,107.71700447160985
6642,96.09895613613605
6651,110.97620269248311
6654,84.86677450267156
6657,99.74512217044791
6663,91.13097083328122
6665,104.61885872940238
6666,96.09290488945015
6668,93.87800944549724
6669,101.44602981837816
6670,99.08471817796558
6671,96.35007863551047
6673,94.68408861052782
6675,92.55908901499306
6676,82.93970494542937
6677,95.03388939309812
6679,93.01410866062791
6680,107.83634384793493
6681,103.74622018608406
6685,103.8600112117607
6688,95.04704601071106
6689,91.07078875499414
6690,103.98814358781756
6692,105.02977734491625
6693,92.1396394094
6694,97.69282844732912
6698,113.13242764745986
6699,94.62667158995355
6700,107.55168090412795
6701,91.06501455742158
6702,108.39123703744113
6704,91.07078875499414
6707,106.25194566972809
6712,107.80350630455155
6713,89.53039226789546
6715,98.02854382350787
6721,106.95092584997738
6722,94.8001545573136
6723,107.31131872136007
6724,91.28929406940696
6725,113.1775338793248
6731,107.11610841909248
6735,88.77874483896574
6736,98.01902314033188
6737,104.11483626975249
6738,95.5122369761917
6739,100.44011756622376
6741,102.2148534212693
6743,91.25354599830139
6745,93.87800944549724
6747,106.33404632626487
6749,95.34270622220374
6750,102.14017588602286
6751,111.46205501114831
6752,99.68189133661892
6753,105.02977734491625
6755,106.70386826719394
6756,93.84559837261372
6757,101.5676635526422
6759,108.79188149843012
6761,90.88333618311374
6763,90.79647254668743
6764,113.08700875715954
6765,95.42633200436475
6766,107.04867281182317
6768,106.62557963072707
6771,91.07078875499414
6773,94.13247954207203
6774,97.38486801430957
6778,104.01162339729443
6779,99.20272793322937
6781,89.10341830915056
6784,98.87683638581817
6786,91.84241132452053
6787,104.77644702667718
6790,91.03205584367869
6793,101.70171854945163
6795,105.02977734491625
6798,106.85645515273387
6806,100.23801575884276
6807,98.19628504242115
6810,94.0958332887455
6815,104.64283077242015
6816,90.88926121542988
6817,100.01808694789679
6818,96.77962747637994
6819,104.15766322444536
6820,97.94059890969493
6822,93.40517182960788
6823,112.22777141462879
6824,107.40440664432728
6825,95.4880658744747
6828,83.54631888249963
6829,107.49251064098202
6831,106.74802242198733
6832,94.46114598342179
6833,107.73413038667834
6834,90.79647254668743
6836,96.0523467301993
6837,107.80350630455155
6838,89.93211391287699
6840,99.66552388213559
6843,89.8286179094315
6845,89.15507012434759
6846,93.395062709961
6847,107.4351493448488
6851,104.14175617195181
6852,92.23862917322728
6853,104.42677662597438
6858,99.08401996427345
6861,106.81747058942231
6863,111.27630694666968
6864,83.13390957665221
6865,94.54909771324796
6866,107.80760884711196
6867,96.76203711274218
6868,100.41990409765585
6869,97.10418739039253
6870,107.40440664432728
6874,104.50150870812989
6875,92.32282039944201
6877,106.71671710741822
6878,90.23579400778107
6880,94.40561330468181
6883,104.20069241649988
6884,93.65699181512825
6886,94.98882761986758
6890,96.36698302420729
6893,106.8049318585561
6894,90.80978395537952
6899,106.71671710741822
6900,92.87356298208368
6904,88.93049156934978
6905,107.13005177624439
6906,89.98515723684342
6910,91.97976725663528
6912,100.75820209964088
6913,110.75763382286733
6920,93.52563493134741
6922,92.72689827974405
6923,105.02977734491625
6926,98.29242959521763
6927,106.55998434223841
6928,89.53228633441917
6931,106.50751370658833
6933,96.28134730025532
6936,88.77679047380397
6937,107.8250346557505
6939,100.31505567654138
6941,91.48974652598508
6942,102.26689129128911
6943,99.38570463123914
6944,99.08873825979487
6945,95.04888852151558
6946,104.91216714323957
6947,112.21455200835564
6949,103.95913066905284
6951,104.06537920547922
6953,103.33538810821533
6954,91.12636678235796
6955,107.67813260751088
6963,106.33305110384609
6964,93.60142156986961
6966,92.44085447269343
6968,93.06746342907473
6970,103.75393613595591
6972,105.06646834818213
6976,105.05838997883436
6978,107.80760884711196
6981,100.29784458387344
6985,102.05656899743079
6986,94.54013560957273
6987,106.62771116405449
6989,103.96473479184077
6991,112.22777141462879
6993,105.80930235388541
6994,95.87454484503293
6995,106.49418007282533
6996,93.06493899311545
6997,107.88146950653483
6998,89.73620906041938
7001,106.50408427710306
7003,103.40107940094738
7006,95.16704380490188
7008,99.00696703092682
7010,89.43371411095592
7011,94.16182291253727
7012,100.42952424885631
7013,90.92620907953447
7014,106.96655211062611
7017,100.37450585150226
7018,94.00205192198972
7019,88.32506122309219
7023,95.11114833961538
7024,100.82172595614372
7025,93.90788789265545
7026,106.64552738815104
7027,91.15287106342055
7028,105.7979392047591
7030,105.02977734491625
7031,91.07927731651405
7033,106.41428335057067
7036,94.90652986079031
7037,95.62858897928054
7039,94.3055898906779
7044,91.32882788586882
7045,107.80350630455155
7046,96.89411385100857
7049,100.60800663587189
7050,97.16012905090668
7051,103.75393613595591
7054,107.32081599671285
7055,92.44816070720877
7057,95.54184199678386
7060,106.71671710741822
7061,94.77820571158479
7063,89.36941720775441
7064,107.08960962373206
7067,94.40561330468181
7071,97.47248632772543
7074,102.22690061941641
7075,95.98406165765778
7078,107.80350630455155
7079,91.07078875499414
7080,106.57861719319644
7081,95.05634855645054
7082,107.94579848361435
7083,91.22413440122061
7085,110.0658389313751
7092,104.1624830285193
7094,98.82780380066386
7100,92.20110022145111
7101,106.72563848018962
7102,107.80760884711196
7104,107.83333394959232
7105,94.77820571158479
7106,93.61694025830782
7107,98.86806930356238
7108,83.07055118770931
7109,91.49662650382787
7110,107.8250346557505
7112,97.876182574941
7113,103.74622018608406
7114,98.99786895629514
7116,107.95014068462602
7117,94.78236789316412
7118,102.95763906047398
7120,93.05275638577073
7121,102.64899832240178
7123,102.29497317495387
7124,94.94048516291708
7127,102.50275433135994
7131,102.09894163157223
7132,96.77962747637994
7133,89.16714349657664
7134,107.06101370094191
7135,90.99239337307725
7136,107.70609614697365
7137,92.90047404427456
7141,92.37231762607036
7144,104.04389357779034
7147,107.33562402689303
7148,94.95011081444706
7150,90.04120478843666
7151,93.05275638577073
7152,102.07386205725417
7154,94.91169723546251
7156,93.69553786392774
7157,101.90373301451723
7159,112.25213363796576
7161,97.18734258302318
7163,93.77363346288786
7164,100.28190065275308
7167,82.66068239428073
7169,102.806620902954
7170,94.16825170678021
7173,93.93074010133148
7174,102.04942258402339
7177,108.15847133242875
7178,102.00470151571794
7179,94.08245418240001
7180,89.6978534623933
7181,107.55753090776166
7182,92.68964566774979
7184,93.79009347053852
7185,107.76386878258177
7186,89.94232574611166
7187,112.1884282307911
7188,91.13382562063164
7189,108.55777789399279
7191,102.13767437113928
7193,106.51181189073418
7197,93.83245822422448
7199,94.94354107598424
7200,107.94579848361435
7201,90.99239337307725
7204,93.05263755485991
7207,106.40734276869858
7209,111.27630694666968
7210,95.034400568337
7211,102.11308589447731
7213,91.44291211504851
7214,107.88146950653483
7216,107.8871948244873
7217,92.31209877656552
7220,106.37697000350211
7224,105.02977734491625
7225,92.42247232212742
7226,107.8871948244873
7227,95.49180812198618
7234,107.76386878258177
7236,87.82822530037681
7239,102.95248379184955
7240,94.25665570118919
7242,108.11957103706197
7244,106.30407180402936
7245,90.66344298683987
7247,103.78809284073675
7248,91.07451534519672
7249,112.2288729031873
7250,107.70782097648566
7251,91.39159611201167
7252,109.2850716783012
7253,83.13390957665221
7256,93.39750063479865
7260,90.79647254668743
7261,109.48539852616771
7264,98.4409543830137
7269,108.61286336894536
7270,91.91924599028297
7273,106.59923031837737
7279,90.77401055649223
7281,107.43992407874148
7284,89.21138010024289
7285,107.68817360525736
7286,112.37965269578548
7287,93.49589201442035
7289,93.79009347053852
7292,94.80022903853792
7293,107.6955325248637
7296,95.68636584362086
7297,106.79593767246593
7298,89.1912230384634
7299,108.57048439808085
7301,102.65057916508651
7304,106.32746141481996
7306,104.90460740453835
7308,93.79009347053852
7309,98.85684573460748
7312,94.59413148151823
7313,83.13390957665221
7314,91.50951628225734
7316,90.7676146195843
7319,107.00447573311172
7321,99.07472675991701
7323,93.85675676375455
7324,102.20530599189031
7325,95.55195265727069
7328,99.81668618112609
7330,82.50970906672045
7334,95.26743477443874
7337,107.76386878258177
7338,101.89125487166947
7339,90.55453268950424
7341,91.56703197611874
7342,107.76948735207274
7344,106.96926278387802
7345,105.78281627119065
7347,106.51181189073418
7349,107.43992407874148
7350,94.85150994848033
7353,104.1284014777713
7355,107.52879396415801
7356,92.83195002270878
7357,108.30169363105625
7358,98.05994868703141
7360,93.99155084385102
7363,100.90670879228232
7364,97.24966758153359
7366,98.02203282995288
7368,95.34259031155422
7369,107.0926441821644
7370,89.95315577283749
7373,93.44246688299911
7374,104.39225175355045
7375,99.26586654699483
7377,93.18196697733423
7379,92.59460768998628
7380,113.05774294340777
7382,103.9749398997986
7383,92.808012444961
7385,99.89510797740087
7386,102.21517674265482
7391,96.94636164372865
7394,95.9992972954921
7396,107.70782097648566
7397,96.04073486023348
7399,93.27267594913357
7400,104.09123583708339
7403,83.00582498148418
7405,107.42201749360953
7408,104.992222385179
7414,111.12447042142995
7416,100.22544028164643
7417,94.25485349563755
7419,94.42933140845739
7420,98.7392952365557
7421,95.81098702951492
7422,97.26046659119928
7423,101.1485172095094
7425,83.90074004212434
7430,96.70127269798566
7432,98.47084053486513
7433,99.53138079917471
7434,106.95136731868072
7436,107.2924270951901
7437,93.04463908760653
7438,103.02921560860675
7440,100.32988883207108
7441,98.57230785150018
7442,106.91645204767129
7445,104.30729441280226
7446,100.09238391105612
7448,106.76192245646622
7450,101.61016657258787
7451,93.62261147316332
7454,103.90432673077959
7455,95.47077747325368
7457,106.33668331646346
7459,99.94486000857046
7462,93.5394335150475
7464,93.62261147316332
7465,104.32388717539018
7466,94.2964953394464
7467,106.15025190982415
7469,104.28688797016888
7472,95.87454484503293
7473,105.02977734491625
7479,95.26743477443874
7480,103.8420648483216
7484,105.83801800517332
7491,95.15260216757561
7494,101.12931174143817
7495,99.13565020300184
7501,91.15277116846482
7503,94.27649827246512
7504,103.74622018608406
7505,95.53854296144294
7508,106.76459428796913
7509,91.01077089593133
7510,83.13390957665221
7511,108.65937811972279
7515,98.30122575820398
7516,102.49597150007651
7517,97.15359931581798
7518,102.02519121151491
7519,95.01103988787477
7521,100.57074783602272
7522,102.27836384980719
7524,100.33537349079452
7526,103.3198365432613
7527,94.79509130016719
7528,101.34015977341683
7529,95.18929804972719
7534,103.4304630745859
7537,106.88163398159634
7538,93.50751418776046
7540,98.40941712548148
7541,106.94378457669137
7545,107.28698454202595
7551,110.73477105490763
7553,95.17440910055156
7554,102.31141813746312
7555,96.89814867239018
7561,106.32433910894522
7562,92.35836034030113
7564,98.38760506252945
7565,100.70120610964479
7566,93.02113365919098
7567,105.40311207240738
7569,102.180996665838
7570,96.1590437334035
7571,110.97620269248311
7572,94.45233537444184
7574,101.39279631139487
7578,107.98317201451972
7579,91.760720129057
7586,94.14238407808848
7587,91.2508863515819
7590,95.10561749868532
7593,105.02977734491625
7594,99.0300478995521
7595,93.02113365919098
7600,93.40435638931137
7601,86.85447453696048
7602,91.24461418217189
7603,108.23917410608973
7604,93.95747148517971
7606,93.22724676506317
7608,110.60385644346337
7613,83.44092309044905
7615,106.7195767958712
7616,107.38811190260665
7617,108.1138904696157
7618,94.79509130016719
7619,103.75393613595591
7622,98.29775749182825
7623,102.33716213925477
7624,98.37921346422559
7625,101.64241849906708
7626,95.18457982403432
7627,102.39697105796317
7628,85.44591525830546
7631,103.74974194983196
7632,103.8600112117607
7633,94.54787575396543
7634,100.29060788670917
7635,92.36762157573013
7636,107.88146950653483
7637,107.88146950653483
7639,93.4436506394545
7640,82.84282110309927
7644,107.94579848361435
7645,91.34904563746878
7648,103.9536089184942
7649,96.76099576329557
7650,107.40440664432728
7652,104.32388717539018
7653,91.82675402894525
7655,95.47667428417388
7659,106.19227528171304
7662,94.5082435883588
7664,91.53770442837137
7666,95.48174671629678
7668,97.69138565966523
7669,103.0911444746762
7670,95.41325863766345
7672,99.35032944704231
7673,107.02491112083673
7678,93.86154861463811
7679,86.25923634089179
7680,101.15971448330835
7683,89.79357015155065
7685,112.37965269578548
7688,94.00205192198972
7690,107.32653381531483
7692,94.71009461591484
7693,93.14168523041236
7695,107.76386878258177
7696,98.9815956154291
7698,93.32094029162451
7699,107.11855599020846
7702,90.97090571154612
7703,107.8871948244873
7704,97.20036518379192
7707,108.65937811972279
7713,83.75305422004077
7715,103.50252963264998
7717,107.54901582270787
7718,96.09106746561412
7719,103.11112753579005
7721,99.10041483770813
7722,96.80708571746285
7725,99.89359871838148
7727,102.21307338528452
7730,88.60033622792615
7733,90.52621977612837
7735,102.36160806211672
7740,107.8871948244873
7741,106.86002205489298
7742,90.81923858097626
7744,104.45014417743907
7747,98.83173494108934
7750,84.13930456134132
7752,106.012568730582
7754,108.84970516495343
7756,102.88253157605725
7757,93.92847626337482
7758,103.50143192101042
7760,101.15971448330835
7761,93.24701134684301
7763,105.61522900636248
7765,95.51379159841953
7767,107.88146950653483
7768,96.11171945001018
7771,94.55775276898308
7773,91.25630292571465
7774,105.58269960494059
7776,101.07879742129231
7779,98.1570489114774
7783,94.45444261760068
7786,103.96406790015956
7787,96.71374816301726
7789,97.8575242938109
7791,95.18084149964464
7793,98.9383293331599
7794,103.7468852583702
7795,92.20157154088379
7799,83.27539656028101
7800,104.42254254704518
7802,97.99947850007543
7805,103.99577790574534
7807,102.29534831464262
7808,100.41470471183251
7811,103.95913066905284
7817,107.38811190260665
7818,103.8600112117607
7819,93.71074899091678
7822,94.0115100923693
7823,107.49411440486355
7825,108.36416988081184
7828,92.33967889918964
7832,90.79647254668743
7833,82.7327063799547
7834,103.90219947691548
7835,97.30326004446863
7837,93.96109111409983
7840,93.53438279797273
7842,92.26627997815687
7843,108.107450429391
7844,94.04188564879097
7846,93.24701134684301
7850,95.69533130413433
7853,107.71700447160985
7855,110.70873336441781
7858,97.19406216249914
7863,106.22874821792917
7865,107.80350630455155
7866,93.42314853653431
7868,90.08003061975813
7869,107.84332682711124
7871,82.66068239428073
7872,99.32704366160215
7874,102.06986672019022
7877,106.80948156886325
7878,91.34904563746878
7879,106.85770379205943
7881,90.65770609795663
7883,97.83920112904991
7885,100.5271377397199
7886,95.17440910055156
7889,94.93394627836848
7890,103.40713514252921
7891,95.44566595131282
7893,94.18709805995314
7894,99.79418120362698
7896,107.40440664432728
7898,102.64985391751715
7901,99.101487480205
7902,106.51181189073418
7904,104.00802430282889
7905,96.32291399338551
7906,102.51328485768656
7909,93.87800944549724
7910,102.39114668410892
7913,95.37227127741014
7918,107.6916617516495
7919,90.99239337307725
7923,90.68165573524453
7925,93.22898815123153
7927,89.41228898582584
7930,97.33326630178647
7932,95.72254188842412
7933,91.00338550861238
7935,93.25374237470885
7939,100.87899781128574
7942,89.77048157544738
7943,101.87644470881533
7945,99.86515093351558
7946,95.34259031155422
7948,99.12054449317128
7949,105.02977734491625
7950,90.96852396795988
7951,107.88146950653483
7955,102.9663273856447
7959,97.24966758153359
7960,107.8871948244873
7961,94.21263995671356
7962,101.53769769275384
7964,99.21058532929989
7965,95.23815235333038
7966,107.94579848361435
7967,102.55056486204805
7968,96.11367273366072
7971,102.6178896833161
7974,90.99239337307725
7976,99.25985774479756
7978,107.2272615544657
7982,107.8871948244873
7983,93.94867814720594
7984,104.15766322444536
7986,90.2650338191929
7989,105.02977734491625
7991,106.51181189073418
7992,105.98316348179726
7993,94.4027839074291
7994,107.80760884711196
7995,90.79647254668743
7997,94.00382959997175
7998,104.15766322444536
7999,107.38811190260665
8002,91.43570495739961
8007,92.78902342352575
8009,97.95572215241714
8011,92.77561304207106
8013,95.61952515934875
8015,103.8840658435502
8017,106.74272790708442
8019,112.37965269578548
8023,98.21453220517489
8024,107.76948735207274
8026,108.7441055136466
8027,90.87024271256819
8029,93.77363346288786
8030,107.53174136621098
8031,92.17885878141011
8033,95.59907740004613
8035,96.94608655164856
8036,104.07168346896684
8039,102.16536555494262
8042,89.55319540076728
8044,92.14570014339137
8046,87.63199367303523
8048,109.30467440230137
8049,96.32291399338551
8050,103.77595862843421
8053,97.3525312924081
8054,91.19351089998126
8059,93.08295655833031
8061,91.25641415007176
8062,107.39714479611332
8064,106.3659742103396
8066,100.66483841696136
8067,95.87698531384736
8068,95.45117089830448
8070,95.65062002424561
8071,107.83792088472316
8072,92.64842255751154
8076,90.67051490545462
8080,90.8411356857908
8081,106.72255282709372
8084,97.88546950968868
8087,104.90529681133098
8089,90.9721084599203
8090,113.0738307207318
8091,103.55664793095704
8094,109.57031280338234
8100,90.69354917628482
8101,94.61005717847961
8110,94.3544678596853
8111,106.51181189073418
8112,97.16253479898224
8115,102.48264617357225
8116,96.75237726849709
8118,106.3659742103396
8121,113.0889915990669
8125,106.50019888174234
8127,103.9622601449084
8128,93.83498892274807
8129,106.44753742545026
8131,95.4678339415257
8138,94.93869865509248
8139,102.86682567537846
8140,93.11198848826764
8141,91.25630292571465
8142,107.04076054460216
8143,106.35520212700588
8145,108.7441055136466
8146,90.99718459724862
8148,111.27630694666968
8153,106.52414890804558
8154,89.17664546156026
8155,106.49919117181882
8161,94.54161121333824
8162,107.87892079487031
8163,91.01077089593133
8166,106.92709057665044
8168,106.89132539623644
8170,92.76919711936318
8172,106.51181189073418
8173,90.99239337307725
8176,103.75417880956613
8179,98.57733585972302
8181,93.17636889683408
8182,112.37438423920949
8184,107.13112899961854
8190,101.15971448330835
8191,99.21318915065717
8194,104.22256421312629
8196,102.11714047743796
8198,105.64325719214239
8199,107.70018338799105
8201,107.92611680446853
8202,93.59959198163551
8207,95.23815235333038
8208,106.44753742545026
8211,106.91216230871898
8214,108.19195432876063
8217,98.86701408871949
8218,103.32606629446228
8222,96.2096106239478
8229,104.09116594352825
8231,92.93007676935433
8233,95.11948900793931
8236,98.45055667211493
8238,107.76386878258177
8240,102.24404236553963
8243,101.65996058892641
8246,106.20616710561987
8250,90.76774917687476
8254,96.80708571746285
8256,82.67017602527983
8257,104.71183228688815
8258,93.86517951590591
8260,94.00205192198972
8261,106.08248873274965
8263,108.12745511022017
8264,94.96052823298857
8267,106.10751315430177
8268,93.49589201442035
8271,93.16803731040918
8272,106.44753742545026
8275,95.6027505633263
8276,94.1100216993777
8277,104.7671413621348
8278,112.25213363796576
8279,90.91565386301141
8280,106.61902270981719
8281,95.08783366912505
8282,104.14872408880879
8287,107.9379302719902
8288,90.99239337307725
8289,107.60188729104541
8294,92.21206866416519
8296,91.54128211129363
8299,104.04565456008739
8302,104.04389357779034
8308,108.07866523294595
8314,101.82708035339745
8315,98.38754949290126
8316,102.74166782814741
8317,93.06028229224974
8319,105.45715208286892
8320,88.99855491806788
8321,113.23501926940044
8323,94.43233889130242
8325,94.39930607888247
8326,107.81764233529168
8328,106.51181189073418
8330,104.97860558831054
8331,91.20400534615875
8332,109.42445965940445
8334,95.03178636522884
8338,91.15464003940997
8339,95.36562434565805
8341,91.79868671027242
8345,107.84281125697527
8346,93.17636889683408
8347,101.79865506448789
8349,95.16754597864184
8351,94.54161121333824
8352,107.85798996889652
8353,106.51181189073418
8355,103.50597708526708
8358,107.38811190260665
8359,104.69697929659851
8360,92.4152200185574
8361,107.10002747596785
8363,101.94096446944361
8364,94.14015288656022
8365,95.19759444688052
8366,103.74622018608406
8370,106.8592909185398
8372,94.21747103262334
8376,94.01727327676879
8377,107.21204150367444
8379,106.54579291385127
8380,90.94998085636877
8381,105.72568086252318
8386,89.40399059943812
8388,101.87825731645212
8389,97.88896506741041
8391,107.85889256501578
8394,96.80708571746285
8396,102.36084643129243
8398,98.77250867871238
8400,108.18471205338614
8401,91.15631485623881
8404,91.79868671027242
8407,97.26046659119928
8408,107.28698454202595
8409,106.31484524386566
8410,102.76240811377136
8411,94.89549386298793
8413,93.53183492195367
8414,107.30428158734769
8416,94.01605866896784
