ID,y
1,88.3772772815768
2,108.66281313444057
3,88.99515550228595
4,77.5517031908693
5,111.75818003620192
8,92.67697453162842
10,110.44578113680306
11,94.183501628554
12,116.94239957279302
14,94.56492375708243
15,116.7845901185635
16,105.06784356994247
17,97.3874412146006
19,95.43186230945693
20,105.09170867934257
21,99.40567926059924
22,117.77894375024071
23,97.3874412146006
26,94.72532376845324
28,94.40088115806327
29,97.3874412146006
33,97.3874412146006
35,94.3869273828466
41,97.3874412146006
42,93.53842901381346
43,116.9044461285167
45,103.67727164358188
46,103.35368046819728
51,93.6443745302633
53,82.06311570386376
55,112.71214655377521
56,95.71369596642943
57,104.41893651001305
58,95.28673934732825
59,103.94807713930444
63,111.03574173619569
64,95.55570027291115
65,104.87095539919979
69,93.98233315297098
71,96.15484898307164
72,105.17787216366835
73,94.56170254300062
76,103.98022595809638
77,103.79677261827538
78,115.99250318199938
82,94.87504290472299
83,104.87095539919979
84,95.9942776739695
85,103.70114036428353
87,111.25635956632581
88,97.3874412146006
89,110.8385182036626
91,93.66361967561885
93,95.75738253966556
94,104.34356190290713
95,92.7838236617617
96,111.8303265302231
97,92.95870670965596
98,111.8149575958805
99,94.87443720213123
101,104.89928148051335
103,110.8385182036626
104,93.22662102978727
105,110.91785207381342
110,96.70498062247734
111,111.43792552744793
113,111.6967152380461
114,93.38631337605706
115,111.27822836450858
117,110.8385182036626
120,93.22592539427575
121,111.87639542101445
122,93.87128571269585
123,113.24564508937361
126,111.77159958985557
132,113.95599923289707
135,106.95580958136046
137,105.09254610578728
138,95.5481344632036
140,95.59672207470497
142,109.70771603127565
144,111.90620907146359
148,92.81986261726726
149,110.5929540648735
155,94.13281726872
156,111.70196133653033
157,92.95870670965596
162,111.80721018726832
163,95.04291152894687
167,93.32737974006803
172,116.9044461285167
179,112.31404711014119
180,94.26855887499792
181,111.15311110290199
182,96.43438363727726
183,110.8385182036626
185,110.8385182036626
187,111.47048764656431
188,94.6892032253751
189,93.63408324693118
191,93.09284370830899
192,110.6563870691096
193,94.69984908098442
194,111.2032502613933
195,92.77819499551757
196,110.4861801181548
198,96.34294216854641
199,111.97769639544049
201,104.70872413815125
204,95.27040665634487
205,105.23562803524779
206,95.43062046912308
210,95.04434939498299
211,104.89928148051335
216,112.6370567137624
219,116.94239957279302
220,93.78322326471256
221,111.0811467407463
226,111.15311110290199
227,93.28030646982168
228,111.6461099624666
230,111.2815886193595
231,92.95870670965596
235,117.77894375024071
236,94.43180586976904
238,111.27102760620438
242,104.221536131154
243,93.55970445911791
244,78.41923036656313
245,110.55854030188874
247,111.62030287289588
248,92.81333350290662
249,93.61594920999647
250,111.83894790549176
251,94.43180586976904
253,117.77894375024071
254,93.15806874165091
256,94.01612948443031
257,92.5624097513558
258,111.97401116141506
259,94.96603904924135
262,83.28645490254483
266,94.05802815129717
267,111.55058854358107
272,103.5013685725176
273,110.8385182036626
275,94.41329136621896
276,112.13402010770508
279,95.3780611966906
280,104.87095539919979
283,93.18529039191628
285,111.62721451287136
288,110.8385182036626
289,96.58137504933676
290,104.7312671921144
291,95.89937209264569
292,111.43773627320138
293,110.92971893350057
296,94.08160040593502
297,111.49656281555671
298,116.100681730362
299,94.87504290472299
304,93.08372681383281
305,80.5815471687863
306,94.2791196922122
307,111.15521424651898
311,111.62766413061394
313,111.19908508960278
314,93.18417041398232
316,95.1159153163077
324,94.53627235782785
327,95.83861421612689
329,93.35184661420755
330,111.17571980734189
337,104.93434673581231
338,96.63102330272443
339,104.52151763523888
340,95.62662456600687
343,93.06864871506808
345,116.7845901185635
346,92.58647501215395
347,111.5773593753979
349,109.92552919416477
350,92.52681464382128
352,111.41049591045918
353,92.29848205019516
354,77.74556299358593
357,93.73709703659719
358,112.15589234238594
362,111.81153110820519
364,113.69934317870775
365,104.9767480555361
366,95.77285737230918
367,111.4568321895602
368,95.08352179807974
370,77.68328371492623
373,95.3100887274764
377,92.91842445671281
378,110.78844608140078
382,103.98022595809638
384,111.6461099624666
390,93.40736658081178
392,111.99891301466201
393,114.47848573580129
395,96.02349383332702
396,106.54923516292969
399,79.5298692095414
406,111.19908508960278
408,111.19908508960278
409,93.3202274851973
410,77.25540972714258
412,111.97335617512576
413,92.54007414375363
419,93.2377342854657
420,112.43204069942476
421,92.60248538954932
430,99.62960902620286
434,93.8613205358719
436,95.1818003904037
437,95.59032863192411
438,92.91293078256314
439,111.52004405453197
440,95.38399145066134
443,110.82952784525587
446,95.0742176153664
448,93.54966109450918
452,94.55151692564024
453,104.05295339476748
457,104.3222839278767
458,93.61811908808313
459,115.88674927680734
460,103.72226622689954
462,105.21811166215053
464,103.22243659733746
465,116.94239957279302
467,117.26172735793051
471,111.51805398967869
472,77.17702723848166
473,94.20683180542149
475,95.07112629255072
480,96.17713291286022
488,110.64932725599542
490,111.15521424651898
491,104.79804741830324
492,78.22056844565648
493,93.86749997367426
497,92.31600201357557
498,111.57729643532544
499,94.28050535338524
500,103.21930528349249
501,93.84616102871775
502,111.33227096193187
506,79.98329178476696
510,110.06134036327788
511,92.13555001877397
512,93.26723472130094
516,93.56060863208867
518,92.9494352419994
519,111.54896874709662
521,91.99819850477911
522,111.59642649680262
526,111.97907437524755
529,95.54822318467835
532,111.58613431322136
533,93.75709286880004
536,111.21442131888213
537,99.63345424018362
539,94.75626099482426
540,104.7828123514728
541,95.40346301533508
543,93.87213619587952
546,112.0861430257669
547,94.28737197337675
548,79.40918796307689
551,93.51069225867363
552,103.6844860524103
556,104.01361735162799
557,95.78391021208897
558,111.4568321895602
559,95.92457422520549
560,104.97049998304468
562,105.25610806264048
566,95.40821723990621
570,111.57729643532544
571,95.59032863192411
572,104.87095539919979
573,94.81256777503552
575,116.94239957279302
576,111.18441072580173
577,92.74873018485803
579,92.6103057931627
580,111.69180663204803
581,114.05308883544137
589,111.15521424651898
591,103.4947602558751
593,95.76395945481657
594,104.2875052384457
595,94.71563552504713
598,93.35952774764989
602,111.77683961612337
604,111.78411093638036
606,109.34984180611048
608,95.75428653521686
609,104.89928148051335
610,93.44364942293653
616,111.33052672688765
617,94.80439947542332
618,103.69867843477913
620,105.58621722380339
622,110.95650311346144
623,92.57130118790818
624,133.01300742789917
626,111.3553927218874
628,111.74384279554548
629,93.61200627799383
630,111.2815886193595
637,96.45899925536142
638,104.59930459032599
643,96.79124869867597
645,96.17713291286022
646,119.01416069535964
648,95.97403204584406
652,95.27214329825341
653,95.53676774638082
654,111.57729643532544
656,111.97995834297696
657,94.02623049212487
659,95.27052779505917
660,105.17553325329156
663,93.03383994351198
664,111.77081301320933
666,103.33628729011583
668,111.21174558914497
669,93.68834269825518
671,95.21635393415765
675,93.5268153617487
677,94.22595637524896
678,110.48685614671086
679,105.64501668575777
682,96.08969410392756
685,103.95558911961676
687,95.21465095075251
688,92.63886917258448
693,111.35657701037624
696,95.80843707847578
698,94.14990622204176
701,94.99458654884948
704,103.78933264562076
705,116.93583759606942
709,111.88938066796845
710,93.82038071644725
711,104.97918924673668
712,95.72964782566267
714,111.14842097334123
715,93.40658943280745
716,111.15521424651898
717,93.65058109047791
720,116.7845901185635
721,93.09284370830899
724,102.56947047433522
725,95.40231806703981
726,111.39107426422567
728,110.85563832809743
731,93.14230122846604
734,105.60069303864863
738,93.38493125982318
745,111.10282507406015
746,93.25059732874607
751,78.23319677842304
754,93.47416639560468
756,93.71234117320436
758,94.21568673225669
759,109.76210562311957
761,117.89435199785316
766,95.54346174426213
767,112.48693960061092
768,92.57130118790818
769,110.83588247505561
770,94.86369428672053
771,78.22056844565648
772,105.15698545551892
773,93.3648223137589
774,111.42974484065776
776,111.6461099624666
777,95.3190782735695
780,116.9044461285167
782,104.7828123514728
787,103.36998586066224
788,94.75626099482426
792,92.45246952739608
793,112.608364635014
798,96.35723667211593
800,92.82472768594542
806,111.15521424651898
809,111.59908149763204
811,111.00425709102042
812,92.60548302237316
814,116.94239957279302
816,103.84913556553312
817,95.943942898779
818,109.6344167487045
820,109.97852026767754
823,93.69085230943746
829,92.37034075256545
830,110.24488879994254
831,91.44932315992942
834,111.30284570016913
839,94.20547561379134
841,78.31072531180847
844,104.9251421319926
845,93.65226595826678
848,93.08372681383281
850,99.87576364719469
851,103.69654053848245
852,94.29479986733944
854,92.97111867670921
855,95.63518649207137
856,104.55110646843468
859,103.3372429739652
861,111.42974484065776
864,93.49559488097904
865,111.34084553634176
866,92.8828341002947
867,92.52447161082598
869,94.95058266343592
871,92.35741921754354
872,111.15521424651898
882,103.41441793948653
883,93.8613205358719
885,95.7394503619801
888,96.11586340321112
893,111.08601823324564
901,110.31213863949291
903,104.79804741830324
904,94.50720417082562
905,104.12033729176851
910,96.24711977504334
911,111.48039035122899
914,111.20396139280004
918,110.85220546687565
921,92.29493184201638
928,94.21860630758873
929,104.15747636185068
932,95.86503999339774
933,104.78695407944066
934,96.24711977504334
935,111.69230884811915
937,78.8572562522889
939,94.87504290472299
940,103.32945677373071
941,94.43267408690929
942,103.66337108515805
943,94.24241647178037
944,103.5894068415186
947,111.15521424651898
949,111.2337592347818
951,110.38583665732513
952,96.18421380309927
953,104.79804741830324
954,79.38676621665009
957,111.60309652548271
959,92.62174326016088
960,116.45318483371345
963,116.94239957279302
965,111.15521424651898
967,103.44808536856446
971,94.00527284647816
972,77.9699851865204
973,94.35696523477218
974,111.67311943342715
975,93.99587408472637
978,116.8652494709977
980,111.89640272177425
981,94.3768795870804
984,111.1955258692869
986,96.24711977504334
988,92.57130118790818
989,111.53512369711514
990,103.8954184420191
992,110.31213863949291
996,95.5220161786796
999,112.08853337938348
1000,94.72014866302933
1001,111.34084553634176
1002,92.53367673323464
1003,111.6461099624666
1004,92.70648322352574
1008,111.42898188990792
1009,94.43165044997859
1010,105.73274841881327
1012,117.39689430301462
1013,93.41873287547844
1014,110.71598280343377
1015,92.53552678089044
1016,116.89999836617595
1019,92.80074118817417
1020,111.07286365479656
1021,96.24711977504334
1022,103.68520268772791
1024,96.24711977504334
1025,80.16377857580501
1027,94.89442039314032
1028,104.2942699012813
1029,93.46825772152513
1030,94.51028754197736
1033,111.95337007976012
1036,93.74944281914202
1037,110.91493116195365
1038,92.76995101721937
1042,94.87504290472299
1043,103.64138070551675
1044,93.80024093883362
1045,111.55002398352433
1047,115.79770227697898
1050,93.83432419263059
1051,111.08812137686263
1054,93.61811908808313
1056,94.3768795870804
1057,93.86921196387537
1059,95.48719219724913
1062,99.716549040797
1063,103.41655534804471
1064,94.3768795870804
1066,93.42134636256179
1070,104.20662512820444
1076,111.4987852109395
1077,99.16209773534602
1078,112.00470586640104
1080,111.34245886686624
1082,109.89960798480877
1083,95.76246320168329
1089,109.8066836391562
1091,96.11586340321112
1093,95.29969710078572
1097,94.93837520882154
1099,92.75263279094352
1101,96.24711977504334
1103,94.33654697796169
1104,111.45031276250474
1106,110.50038639806999
1109,93.05366057591529
1110,111.08531191253682
1111,95.65486744525153
1112,114.32200097679882
1114,93.6443745302633
1116,93.52449266844012
1117,111.38048210907289
1120,93.54323591348808
1124,111.53953445347953
1125,93.47835937998083
1126,112.05925829717056
1134,111.47194242286291
1137,93.16602009749965
1138,111.61113681241304
1144,111.13813051351029
1145,94.71563552504713
1146,93.18417041398232
1148,94.3888267209126
1150,93.50284483149382
1152,104.9251421319926
1153,94.340795778944
1154,104.90356499542453
1155,94.6892032253751
1157,92.88809159509955
1162,94.87504290472299
1165,111.9038119906413
1166,93.19961162545539
1167,103.80292937345727
1168,96.31453743452833
1169,103.3372429739652
1171,117.77894375024071
1172,95.6868907348679
1173,103.3372429739652
1174,94.0608774956616
1176,95.74633395473131
1177,103.72995466244531
1178,93.73709703659719
1182,111.60275436859064
1186,96.17713291286022
1187,112.26047743353536
1188,93.61594920999647
1189,116.9044461285167
1191,106.19396039874015
1192,94.8294741471226
1197,111.75404355084558
1198,92.77716585548774
1200,78.02215116514523
1201,94.58526782324249
1203,95.66109798192636
1209,116.94239957279302
1214,104.11095288438888
1218,111.2455714717621
1222,94.11649366231335
1226,95.89324605955045
1228,93.93851111690581
1230,93.69571420195666
1232,78.47099704548137
1233,97.84929110635133
1236,115.6321838950846
1238,93.7511287760438
1241,111.13813051351029
1244,105.55655923049264
1246,94.22579468429078
1247,111.76123188958537
1250,111.38915944364813
1251,93.36989778571167
1254,110.43068225291807
1255,93.9270445511805
1256,110.91764057453489
1257,93.27920558124518
1258,93.77274151925067
1259,111.21219801928297
1260,95.68152317296511
1263,111.0811467407463
1267,78.14995916994903
1268,111.08324981981349
1271,94.76699901743513
1272,111.08601823324564
1274,105.90395157087166
1275,94.87504290472299
1276,111.08812137686263
1277,92.85131038157495
1279,93.18417041398232
1281,95.42495728050227
1282,93.61594920999647
1283,112.00787449918725
1285,111.14990056342143
1286,93.33987664342854
1289,111.60349724543114
1296,111.60461394015965
1299,93.44287924800622
1301,95.5220161786796
1306,92.48530572705381
1307,93.79583521647213
1308,92.55210411563365
1313,111.08812137686263
1314,95.70659095464845
1315,111.08531191253682
1316,93.36128776865522
1317,111.13199221994643
1319,93.19406683384823
1323,96.08935227330308
1324,105.26314680561428
1325,93.93378786237008
1328,103.45825909762998
1329,94.3862787182185
1330,111.42974484065776
1331,94.56405480229263
1332,104.35889071919792
1337,96.13821186657334
1338,110.41211082523863
1339,91.99819850477911
1340,111.80549005701982
1343,110.65766233435899
1347,104.28392076896021
1348,94.11181034111853
1349,105.79912134911656
1352,93.18417041398232
1354,95.8490988556814
1359,111.66124421992963
1360,96.1593391354862
1363,111.13199221994643
1364,95.80843707847578
1365,105.19941066864149
1366,95.11004528722795
1372,95.8911542446211
1375,103.79418995330293
1376,93.80886036935146
1378,92.2617910415647
1379,111.77003556378689
1380,96.24711977504334
1381,103.3372429739652
1384,110.69938801032735
1387,93.44287924800622
1388,111.4530195109111
1392,77.05746815247085
1394,105.35096038183006
1395,94.56615180601511
1396,111.19908508960278
1398,94.28791120854278
1399,111.19908508960278
1400,93.98472038368627
1401,93.59073663530607
1403,93.98270745307411
1404,109.23258290895859
1406,111.19908508960278
1407,93.56128904999487
1408,111.0811467407463
1410,78.14995916994903
1412,111.15521424651898
1413,95.27131179091187
1415,95.70659095464845
1420,111.0811467407463
1422,111.2455714717621
1423,106.83916445619681
1424,111.0811467407463
1425,96.47832867805832
1426,78.14995916994903
1427,95.66109798192636
1429,92.19037908735312
1430,111.42772796421598
1431,95.57868898112096
1432,103.15891246014282
1434,111.65400264173967
1437,94.71069223722387
1438,105.68519174649352
1440,111.79937783386134
1441,111.72201864211327
1442,93.73709703659719
1444,110.91703601564721
1445,95.81027635349594
1446,104.87912317473692
1448,92.26989197675543
1453,93.50263998808184
1454,111.15521424651898
1455,94.8294741471226
1456,110.59772800763854
1458,111.15521424651898
1459,92.99759494780604
1461,94.94346355911674
1465,93.44287924800622
1466,111.27654425616196
1469,96.08935227330308
1472,93.50263998808184
1474,94.18419107342915
1477,110.8762730753176
1479,109.62431523096471
1482,94.16958133207821
1483,78.32015916151592
1487,94.94823625728853
1488,111.57729643532544
1490,111.52150242200388
1492,110.01823491756232
1494,116.80400808852957
1496,104.09316839999498
1497,95.51112929321424
1499,95.89464015877591
1502,93.38502390264152
1507,109.67982087404793
1508,93.18417041398232
1509,109.67204000168537
1511,93.25059732874607
1512,110.50472659588155
1513,115.64534327817856
1514,105.06759879059831
1518,111.56642219906603
1519,92.50789175552013
1522,111.66388087884117
1524,78.03501266148609
1527,93.73709703659719
1529,92.94787607479228
1532,104.10277226249902
1536,111.66921160652215
1537,116.94239957279302
1539,105.04466140163831
1542,111.5730157782254
1543,93.80886036935146
1544,105.02441146179314
1545,82.66274314630377
1550,93.80096894134799
1551,110.54275035897281
1554,105.06784356994247
1556,104.9251421319926
1559,93.27920558124518
1560,77.79931084775639
1562,94.78172786055461
1566,92.54177669735702
1567,111.32796676389356
1569,103.93277147962895
1570,114.34572596882691
1571,111.64949348126619
1574,93.18417041398232
1578,104.7828123514728
1580,92.46188130573785
1583,110.70001545204481
1584,93.18417041398232
1585,110.62655197184422
1586,95.22043743827567
1587,111.6461099624666
1588,92.48538205523455
1590,114.74546155585426
1592,103.86006740764805
1596,109.45134092898081
1598,110.98160097299687
1599,93.56918047799834
1604,114.7006531760248
1606,103.22811765722258
1607,95.27131179091187
1608,103.39557218990487
1609,117.77894375024071
1611,95.18199167883543
1613,95.35194056735293
1616,96.15737585947048
1619,112.00822706555024
1620,93.2294825426136
1621,111.17915892543324
1622,93.83669666121017
1625,110.31213863949291
1627,117.77894375024071
1629,111.20938596678906
1634,94.83757040820376
1636,93.62153994479603
1638,103.99390342217318
1639,94.03453744367391
1641,95.5913161760332
1643,94.4839319368967
1644,103.94709266347891
1645,116.9044461285167
1646,94.78958913480011
1647,105.13289177704274
1648,94.16182370189068
1652,92.46188130573785
1653,111.87955916660158
1656,96.97013741480048
1658,93.56918047799834
1659,111.2032502613933
1661,95.85820698496347
1663,95.27131179091187
1664,111.51131943890202
1665,94.6436344677747
1666,104.9251421319926
1667,102.62523023558396
1668,78.54379976477043
1669,103.27005165322674
1670,94.6266158517066
1672,111.9250567936145
1674,110.71598280343377
1677,111.57729643532544
1678,92.92221966356597
1679,111.50629693906492
1680,94.12469667142257
1683,104.05697270286699
1686,103.65781630081483
1687,111.37755251964154
1689,111.4568321895602
1690,93.34605266983236
1691,116.7845901185635
1692,111.83118815352888
1693,93.18417041398232
1695,93.79560506786083
1696,93.50263998808184
1697,111.17571980734189
1700,104.9251421319926
1701,95.24652653306552
1702,111.62778607135317
1703,92.71960681385936
1704,111.59353025872961
1706,95.63899809790007
1707,111.1955258692869
1708,94.31807464978309
1710,94.85982831224801
1711,103.63040916055085
1713,104.4292243519077
1717,103.49869807488082
1719,104.7828123514728
1720,93.7507301549499
1722,94.51966414425917
1725,103.89565461976885
1726,94.3057559428993
1727,104.93494981845569
1729,111.68906641692683
1730,92.56537124959777
1731,112.21657447922571
1733,104.9251421319926
1734,94.84618205503567
1735,111.2455714717621
1738,95.35194056735293
1742,95.33244443541726
1745,110.71598280343377
1747,95.28902127568567
1749,94.52640705412924
1751,94.42438310281645
1752,78.0951213241972
1753,102.88645516903821
1754,94.4521442615037
1755,95.07112629255072
1756,104.7439184257511
1758,112.01492909789383
1759,94.8294741471226
1760,104.7312671921144
1761,111.59002344643747
1762,92.88944554989676
1763,111.1018206569058
1764,97.37792620664015
1766,95.14594866613051
1768,94.12279679280346
1769,78.07832382598382
1771,111.71325215972035
1772,94.6381699747842
1773,103.87836749909336
1774,95.79294211946458
1775,112.74710825058979
1777,112.39685070829532
1779,94.8294741471226
1780,104.87095539919979
1787,92.71960681385936
1788,93.11257225574201
1790,94.31672386372045
1796,111.30424756900204
1801,92.63127769546423
1803,94.14184220426283
1807,111.5277082799284
1809,111.36384591885084
1812,93.5278596881944
1813,110.62001494554146
1814,94.2239519448375
1815,111.9199187663792
1816,94.45024831704502
1818,92.31017582142215
1820,92.55312852609238
1821,115.79770227697898
1822,95.2563052204359
1825,93.48361721641467
1826,103.59489124995756
1828,94.26564168908223
1831,103.50998585969202
1836,110.41690555535332
1837,93.82049211697759
1841,94.18419107342915
1844,103.53834477023051
1848,92.77105818162507
1851,105.04466140163831
1852,95.91402219569082
1853,92.91604813805328
1854,110.86345190945106
1856,95.32569894244034
1859,111.5302621999687
1860,94.46270976885607
1861,80.40903016684646
1863,104.31663217115056
1865,94.43267408690929
1866,105.0749831007343
1867,94.81936067339268
1868,92.59493381705862
1872,93.91167046974242
1879,95.69676445643864
1880,103.70114036428353
1882,93.9293191281139
1885,104.05697270286699
1887,103.91636469240632
1888,94.82995396899341
1890,110.60473034700351
1894,95.42028379516613
1895,103.54554739520972
1896,94.34628461331008
1897,111.98775661020471
1900,110.6049315627369
1901,93.27920558124518
1902,112.38410794341095
1905,93.00100184537354
1906,110.93332341375651
1912,104.79804741830324
1915,94.44650213870952
1916,104.38600829678491
1917,94.5195771198746
1918,103.64376618464
1920,78.12864783791346
1923,94.46558015741066
1924,103.02759204168821
1925,94.18579671625822
1930,117.77894375024071
1932,111.19908508960278
1933,95.00132349158037
1934,110.93124699828438
1935,93.06746857727678
1940,78.14995916994903
1941,93.08774833514003
1942,111.59624487956101
1943,93.73786192181207
1944,91.98821385232736
1945,109.85632114950434
1948,116.94239957279302
1949,93.24781753996913
1952,95.31382384521082
1954,93.18417041398232
1955,111.0811467407463
1958,93.00175842779747
1959,78.4531086181109
1960,111.1018206569058
1963,95.1092896389865
1965,95.06322278804883
1968,103.74800791295519
1969,95.80843707847578
1971,95.24233768583107
1972,112.05970123892129
1973,92.54970889267156
1975,92.71411795865278
1977,95.8636546184225
1978,94.27687809110517
1979,111.56996138144828
1981,92.69658594417234
1982,111.99839909686106
1987,111.8555509938082
1988,92.54177669735702
1993,96.08549708131682
1997,93.13882147964776
1999,94.31666780288234
2001,95.35194056735293
2002,115.72688950832129
2003,93.52000048323164
2004,79.71317102623198
2006,111.52605659606527
2007,93.96795137926655
2009,105.12662852519342
2010,94.5632094646563
2013,95.88524942520665
2018,78.23008887642453
2022,105.13114597856828
2024,111.20672520329343
2025,95.62619656997448
2026,105.88074197858128
2030,105.09170867934257
2031,94.04901703108685
2032,104.79804741830324
2033,94.27111138729472
2035,93.03577264531286
2036,111.30573924849145
2037,92.82962238349673
2040,95.3780611966906
2043,112.60788460490068
2044,105.37823020206692
2046,103.75198397104978
2054,113.16705702252374
2055,94.64463389440022
2056,104.87095539919979
2059,92.5437774724933
2060,93.27920558124518
2062,92.62800605511289
2063,112.01987486519626
2066,95.42028379516613
2067,111.53700606200485
2072,95.73461139411584
2073,111.07999457634673
2074,94.17039918401171
2075,110.87203670082715
2076,92.76423582148345
2080,93.21736147401148
2082,93.27920558124518
2085,110.58729057298682
2087,111.10964205169185
2091,111.21475113748834
2092,94.6489977536858
2093,104.87095539919979
2098,95.56134274212037
2101,111.1018206569058
2102,92.40018818567944
2103,78.14995916994903
2105,105.11982020976775
2106,94.81256777503552
2107,110.82296313567635
2110,94.55151692564024
2114,94.17560751627896
2115,111.34892200393828
2117,79.68760362123435
2118,94.44617910944449
2119,103.81947165483027
2120,94.26651347786463
2122,93.45328004138283
2123,111.25635956632581
2126,95.21306478543008
2127,104.27874042919282
2128,94.18047407918995
2129,111.11859118303528
2132,96.57041342298375
2135,104.89928148051335
2138,95.64119972857723
2139,117.77894375024071
2141,110.36622657386224
2142,93.2107960085672
2146,96.26082606750482
2151,112.23002880722498
2157,104.81231624635119
2159,110.8075737895925
2162,94.6892032253751
2164,116.89999836617595
2167,91.92158451917864
2168,111.40430364812354
2171,92.83513294309925
2173,95.39945611085288
2174,105.50130036223024
2175,93.97674354369616
2178,94.56170254300062
2180,95.35194056735293
2185,111.39144426284022
2189,92.79946631647152
2190,111.53700606200485
2192,103.77133472580547
2194,115.58331748012361
2200,110.048246523325
2201,93.53592246335258
2203,111.80543475228671
2204,93.47820640976157
2205,112.15633578524293
2209,110.57952713849339
2213,104.09489479862236
2214,93.49851092742075
2215,112.26669607104716
2216,93.50374007511908
2218,92.9264292667148
2219,104.85686736478262
2220,96.1593391354862
2222,92.7000290501718
2223,111.40474707412459
2225,111.32405885147735
2226,93.96295546508834
2230,95.65835630536061
2233,111.56194931426157
2234,112.10644199987455
2235,93.47820640976157
2236,78.02223857623127
2237,93.55023394171285
2240,116.02452787235613
2241,93.36787007268471
2248,105.24378202271069
2249,94.54795982939731
2250,109.25217196432592
2252,111.52303933932455
2253,94.0590155180458
2254,111.3043927806177
2256,77.94908856262444
2258,92.74724047098165
2259,110.76337785121116
2262,95.42028379516613
2265,94.75626099482426
2266,105.52400421446585
2269,95.33755873854389
2271,95.65069727049405
2273,92.98205843189201
2274,110.71939032909913
2275,93.64941252826888
2277,93.90628226255248
2279,93.47820640976157
2280,77.87771295729667
2282,95.35194056735293
2283,103.6310891176355
2288,92.53681565856616
2289,111.36630684975538
2291,94.19998577790824
2292,118.00253054621578
2297,96.23131205027398
2298,103.67412783238156
2299,95.10602819792791
2300,112.23636804407305
2301,92.815321360657
2304,94.64463389440022
2305,103.39233518472776
2306,95.42028379516613
2308,92.87512506210398
2309,109.52688876710434
2311,105.143124457355
2312,105.24307735757795
2316,103.7827991295159
2321,103.63040916055085
2322,111.56318415181855
2325,104.51556721437957
2326,93.41793081159977
2329,118.00253054621578
2330,93.74245548149602
2331,103.53725801179124
2332,111.61940154636956
2333,95.42028379516613
2334,103.93424470955951
2335,110.91764057453489
2337,112.03182528024863
2338,93.62133503900712
2340,111.61940154636956
2342,94.51324531003246
2345,93.66436861142549
2349,96.04311942808002
2351,78.00276532820128
2352,94.20770854056732
2354,111.09718248624331
2355,115.37718695630564
2357,111.32405885147735
2358,93.2668701104445
2360,95.90414604103063
2361,111.09718248624331
2364,93.73709703659719
2366,96.08351401706217
2369,104.56777545693137
2370,95.76274754812083
2371,111.37145780444254
2373,116.89741861340826
2374,95.88521830348556
2376,111.6461099624666
2378,110.47217636398301
2382,95.74593326972898
2383,93.10296545904521
2386,103.42048054462094
2387,95.58451216970884
2389,93.23786973719804
2390,109.61361277370551
2392,91.81200491642686
2398,111.61940154636956
2399,94.33242846470245
2400,95.74327706353567
2401,110.91553731161042
2402,93.61811908808313
2404,93.390953390118
2407,110.17012736210872
2408,110.14248865666468
2409,110.33796518760082
2412,83.10885121490286
2413,96.66956991812869
2415,93.43507625512122
2420,110.13781293452737
2422,95.73765715670392
2423,103.54348268724004
2426,94.40351205690988
2432,93.92028577436935
2434,92.48812374825661
2435,93.38297214102464
2436,111.51088816050455
2438,108.97532142185294
2440,111.33624451679457
2443,95.90087774837934
2444,93.18685208042662
2447,105.24378202271069
2450,95.29844935082969
2454,93.9207620295002
2455,112.15644683999669
2459,95.42028379516613
2460,110.2891102980847
2463,95.17002417778222
2465,93.91965782709653
2468,78.14995916994903
2469,93.52000048323164
2474,92.35332796009631
2478,92.9819057307515
2480,93.55441344401825
2481,116.02452787235613
2489,95.35194056735293
2490,105.09170867934257
2492,93.06746857727678
2496,95.42028379516613
2497,111.28785058463797
2500,94.19397263499086
2505,95.3780611966906
2507,92.72149124609773
2508,112.15633578524293
2509,94.80439947542332
2510,82.06764904351536
2513,92.63466777778281
2515,95.35194056735293
2518,93.10296545904521
2519,110.40988633040017
2520,93.10296545904521
2521,111.36136254790398
2523,110.96856428108296
2525,94.52211232924985
2529,112.18327077088836
2530,93.56634256622127
2533,110.75300684629616
2535,92.64902605406238
2538,103.08378902439247
2544,110.13560959606374
2553,111.60131064942462
2556,93.44173980535207
2558,92.92315234230414
2559,117.87192930616308
2560,93.55145662261344
2561,111.43752515386119
2562,93.4954816237532
2563,112.56050905349707
2564,92.48530572705381
2565,111.56194931426157
2567,104.7794519510295
2572,94.1766597688308
2575,94.25791892642314
2576,112.09421980258905
2577,92.10030271459163
2578,95.11995090798106
2579,111.51039545155035
2580,92.85055650161902
2582,111.91415931950512
2583,101.06653350628092
2587,93.20959442616024
2589,111.64088527751767
2590,94.7448627864019
2591,112.18327077088836
2594,94.19175374036479
2597,95.734260140182
2598,104.7828123514728
2599,95.82253421653671
2600,103.0458361522287
2602,112.09396400810843
2603,94.1766597688308
2604,104.16081272655988
2606,110.77418853090973
2607,78.0951213241972
2608,95.73461139411584
2613,112.15633578524293
2614,92.93610967086497
2615,111.53495816878083
2617,112.61065199172928
2620,93.50284483149382
2623,111.51459911390185
2624,94.20160941360486
2627,112.15633578524293
2629,78.0951213241972
2630,92.96855312753486
2632,95.39029834211635
2636,93.66810498957602
2639,95.51029238333501
2640,104.56550044194891
2642,112.18327077088836
2644,104.89928148051335
2646,110.57821710925776
2647,93.92406647742399
2649,94.57904053234554
2650,108.56121848677451
2652,104.9251421319926
2653,102.7558289976663
2655,108.93111513077592
2657,111.61940154636956
2659,111.19908508960278
2662,93.12666899903833
2663,116.02452787235613
2664,95.9517919929871
2665,104.8024136481675
2670,95.08379894703639
2671,104.02115987767215
2672,94.67645413748168
2675,104.9251421319926
2677,110.64837711884478
2679,110.38769214345764
2683,111.7673439237654
2684,94.24427658119797
2685,95.26879253049408
2688,103.73977963277774
2689,96.08959059111191
2690,103.70155794615526
2693,94.37356663746866
2694,111.55949884229737
2697,102.06740639994415
2699,94.40477662034117
2703,93.69010908034744
2705,103.39264504954019
2709,81.06742193460484
2710,94.39966119057246
2711,112.43881392791475
2712,94.96049023588962
2713,96.62643697577825
2714,110.93716320900208
2715,91.95908381726689
2717,92.59752435075845
2718,110.88158473604386
2720,111.7411702664795
2721,94.50171989571746
2726,95.2086379425944
2728,93.61371823078309
2731,103.49081812801688
2732,111.13813051351029
2734,92.96135031140481
2736,104.77788911252681
2737,95.38048902090372
2738,103.44247262270336
2739,111.28972215937975
2746,93.09160163296612
2749,103.85352650037095
2751,116.9044461285167
2752,103.5967637527361
2753,94.2910459994797
2757,105.12662852519342
2758,94.264571304822
2759,111.13469363662648
2760,94.74018380904174
2762,111.33895919046945
2764,94.55830655480891
2765,110.37731968403764
2769,111.79232850921156
2771,112.61141911033366
2774,93.56889321785988
2776,92.8862374199157
2777,110.59520587864026
2778,93.27920558124518
2779,111.61627670177033
2782,92.68786957099967
2784,93.15999853977432
2787,93.82543778590852
2789,95.42870112237819
2792,95.41416694844335
2798,95.70865908167085
2799,105.04494967275076
2800,94.48386847024783
2801,79.87466271653736
2802,93.28632398827118
2804,93.99122086575788
2807,105.19941066864149
2808,96.07058328844477
2809,116.91604199460583
2811,116.1826835948652
2812,94.06373962530752
2814,92.54828031822116
2816,94.6082296279732
2817,111.77595153428483
2818,110.05360030499712
2820,110.93467891953485
2821,81.38025590038342
2822,95.11702070186115
2823,103.92931646525399
2824,94.56121126542706
2826,92.81841607386424
2829,94.63561900974095
2834,93.48513495489695
2835,77.97551155496937
2838,96.42805573963192
2839,111.01348900113697
2840,92.3987157455096
2841,110.69654688237078
2842,95.42028379516613
2846,113.0337008198028
2848,95.8876862174802
2849,91.91991139441387
2850,110.93716320900208
2851,94.87504290472299
2853,93.496066849949
2854,112.18327077088836
2858,113.17841305249888
2861,96.07542737228692
2864,93.06746857727678
2865,116.02452787235613
2866,111.35373992135672
2867,92.3296859802582
2868,111.86379182189451
2870,111.53983582755671
2877,94.57556922640337
2878,112.15633578524293
2880,111.57455077581766
2882,78.3033780818562
2883,95.61573633214746
2884,103.56704457164933
2885,93.51561715566974
2887,95.35194056735293
2888,111.43018379581235
2889,95.22297618088763
2890,104.87912317473692
2891,105.14272859304646
2892,116.89999836617595
2893,94.06203463085848
2898,112.15617929155205
2899,95.04094659208255
2900,112.33306368125147
2901,94.06744559034145
2909,96.24117481535048
2910,111.44119610169183
2911,111.49263721431586
2913,110.03744627158129
2914,97.20004923366025
2918,93.67354561806039
2919,111.75231295799995
2920,93.71822278562163
2921,112.15633578524293
2922,96.16680692691473
2923,103.13255978269477
2925,110.60720790142761
2926,92.46473705426547
2927,112.47235440442493
2929,111.56642219906603
2933,93.45988318184789
2934,110.99562983613785
2936,111.02588496367709
2941,104.54263322542126
2942,94.38752996767961
2943,110.8099218510872
2945,103.99760385739783
2950,92.68790453767264
2951,111.48334613946585
2953,114.35852136450552
2954,95.75993743902633
2955,103.95851589239466
2956,95.87610427528472
2960,95.80811212315368
2962,94.16734832089105
2963,106.70623631165837
2964,104.90498382621617
2966,78.13326456095507
2967,94.20562038117123
2968,110.92463160836404
2969,92.71411795865278
2971,92.77712002847316
2972,96.23131205027398
2974,98.11966617049218
2975,110.7026312017792
2977,116.80400808852957
2980,112.08646960272627
2981,93.50529420942095
2983,95.90420740587805
2984,105.02046437464845
2985,118.00253054621578
2986,103.97233490087602
2987,96.23131205027398
2989,94.31807464978309
2990,111.58825590109498
2991,94.25982559196616
2992,78.07832382598382
2995,102.06740639994415
2996,103.97507683574057
3002,111.60223847020816
3004,111.85515986083217
3005,117.89435199785316
3006,94.40160008690656
3010,95.71393294827615
3011,105.27361502714425
3014,92.46473705426547
3015,93.61899555952311
3016,94.71069223722387
3017,109.27896023025806
3018,92.50795132585824
3021,103.59968475825782
3024,104.7828123514728
3028,92.78964029234581
3030,93.27920558124518
3032,94.5883442169602
3039,94.34628461331008
3040,104.42233198920835
3041,95.46216662656454
3043,94.15705238210595
3044,111.93241733602716
3046,110.65353012989459
3055,92.35606295439636
3056,111.40885817221623
3058,92.90756928981291
3059,109.58518719705786
3061,116.94239957279302
3063,104.2411592857555
3066,94.46497604220596
3067,104.7828123514728
3068,77.92846660589693
3069,94.50171989571746
3072,115.76980474553032
3073,111.90699193522606
3074,94.73802566302686
3077,92.72395154084576
3082,94.62046216531597
3084,102.06740639994415
3085,110.74814707126794
3088,104.89928148051335
3091,92.58724541325127
3092,113.02736295849765
3093,95.1908880466036
3094,103.49081812801688
3096,110.93124699828438
3097,92.56537124959777
3098,78.35118036879267
3102,115.89821885229873
3106,93.4652961465684
3109,93.76800471822786
3111,92.1696012545686
3112,117.89435199785316
3113,94.77434284149727
3115,95.73461139411584
3116,111.50576009872049
3117,94.30363069207948
3121,110.39381769102809
3122,93.2761377516555
3123,94.19397263499086
3124,104.70872413815125
3125,94.71069223722387
3126,103.5436202807625
3127,116.7845901185635
3129,93.0363167272283
3130,111.82565302793257
3132,104.53960739192041
3134,106.26487927435112
3135,95.33985315246136
3137,78.42860682846731
3138,94.58057740762074
3140,97.44932684998
3144,110.62413025237235
3145,95.43628523819784
3146,111.53495816878083
3147,94.80691298626242
3148,104.10628487121886
3149,103.96203322242056
3150,112.34729665040427
3151,93.95217715107167
3152,94.92903250802674
3155,99.53969460356846
3156,110.93716320900208
3159,92.64892376567327
3161,95.74313186225932
3162,105.16125055052936
3163,95.60245333634592
3165,103.4190551608703
3172,93.43852847368161
3173,111.41284843655527
3176,95.00876960752363
3177,103.65722558576988
3179,110.7026312017792
3183,92.38281468534292
3186,94.173991137363
3187,104.0144915331834
3189,111.37638530831889
3190,93.56038369534315
3192,116.7845901185635
3193,93.43852847368161
3194,112.43222226714403
3197,94.76699901743513
3198,94.36974191384677
3200,93.86000233547904
3201,117.62777921068435
3202,94.36974191384677
3204,95.3780611966906
3205,92.88313272951235
3206,111.31230430743747
3208,103.54715629314458
3210,103.42618793168002
3211,94.56207500478865
3212,116.94239957279302
3213,93.37179745500941
3214,111.08324981981349
3216,104.87912317473692
3219,94.14987275849998
3220,110.2164015339815
3221,94.77434284149727
3226,110.37304038833996
3227,96.11497956521949
3228,110.36299441601037
3229,93.97097557399897
3232,78.14995916994903
3233,94.59172883725019
3234,93.19120564369511
3236,96.07896899820076
3238,112.07603629552182
3239,110.85718135582425
3240,92.37146628400686
3247,111.24410366414678
3249,103.71241564060338
3252,118.18703166438331
3253,95.86247910554518
3254,105.34653046667636
3255,94.93193825064418
3256,112.95445851911671
3257,93.80431247381522
3262,95.63042215181963
3263,104.9251421319926
3264,95.87610427528472
3266,112.33977305207881
3267,96.75224768767055
3269,94.28125986493231
3272,118.00253054621578
3274,94.76699901743513
3275,106.43191638606942
3277,95.70137502142451
3279,95.84126011186157
3280,104.36248923425097
3283,96.0912092134495
3285,95.35194056735293
3287,96.20366580487897
3288,104.7828123514728
3290,104.6869873849994
3291,93.4356142923433
3298,111.60521676273727
3299,94.05266576866661
3302,110.905428468912
3303,94.03137509717713
3304,104.67002239335703
3307,92.80277117516958
3309,92.75966679029334
3314,77.95938716105802
3316,112.04845383938829
3317,94.48019002374359
3319,93.99077342080889
3320,111.8050605870143
3321,94.36779960979538
3322,104.18643556486187
3324,92.6103057931627
3326,94.13020786402777
3329,110.56090967044088
3330,92.48530572705381
3331,111.56914480668819
3335,116.89999836617595
3337,95.87844262985183
3338,104.16279442633942
3339,96.34541430100683
3340,111.20126028191875
3341,94.26929604278813
3343,93.5055716616541
3346,92.50114525306633
3348,94.89624323572073
3351,104.7828123514728
3352,118.06110960247311
3355,92.77469991308857
3356,111.62203547670435
3358,105.76529096933795
3359,95.91402219569082
3360,110.04903054708649
3371,110.52933749275746
3372,94.83748982733267
3374,96.43443172397679
3377,110.47012840487186
3378,91.60874492327054
3380,103.68368898679638
3382,95.86582019783958
3386,94.18306870574368
3389,110.35621627139679
3391,103.83567683705994
3393,94.58965709414349
3394,104.18480708564195
3395,94.29039029027271
3397,112.15633578524293
3398,95.5652179496068
3399,82.6685162347995
3400,94.93837520882154
3404,103.57583402648538
3407,111.63260893682885
3409,104.28728423230173
3419,95.80359734544776
3421,93.9447414088738
3425,95.85152085052246
3427,80.29809568076581
3428,118.00253054621578
3429,111.68005585463645
3431,92.42353777125453
3435,93.88210097646312
3436,110.79311977681573
3439,96.75570722530558
3441,94.4278074265232
3442,118.00253054621578
3443,95.63042215181963
3444,103.79931321292133
3445,93.99694414507975
3446,109.83753747974727
3449,93.27920558124518
3453,93.08696541997755
3457,94.33986050647397
3460,104.76265404569637
3461,96.4687616056633
3462,93.50263998808184
3464,104.2411592857555
3465,77.92846660589693
3466,94.76838151922753
3467,103.88615244760152
3468,96.00931456275661
3469,105.40067213495978
3470,103.04102882814865
3472,112.18327077088836
3473,93.10325963805556
3475,92.71820571707397
3476,111.7287602471126
3478,104.58382872273822
3479,95.65549836460664
3483,93.31289027087773
3484,103.52249745019775
3485,95.36991951724733
3487,93.09177309704657
3488,111.8041642783101
3496,111.25783617343136
3497,95.01395115766935
3499,95.57868898112096
3500,77.92384498266712
3501,94.25791892642314
3504,94.50156542452225
3508,104.87095539919979
3511,92.41470418982239
3512,112.54347557983289
3515,93.33242943287574
3517,94.15682338805506
3518,103.135410944402
3526,110.94516550687416
3528,125.47568035056966
3529,94.05629282724747
3530,111.41853724456183
3531,93.77963099550361
3532,110.1149151670002
3533,94.10014263390525
3534,94.58526782324249
3535,77.24497358219487
3536,93.65053448314241
3537,111.58879344191804
3538,93.45627157536171
3539,110.12539734088395
3540,103.48701429238953
3545,111.33273377224485
3546,92.58495337506888
3550,104.26568570863256
3551,94.11801947989733
3553,95.13967035495561
3554,104.76265404569637
3557,93.55023394171285
3558,111.93027157066899
3559,93.27920558124518
3561,93.97944824456917
3562,112.15633578524293
3563,93.63784136434982
3564,104.7828123514728
3565,93.99694414507975
3567,93.02554800531334
3571,104.7828123514728
3572,95.88451021087863
3574,96.0583201139083
3576,94.02623378690578
3577,111.37789150903288
3578,94.23349275598206
3579,93.88036384199106
3583,95.0429912748386
3585,96.2653315071514
3586,104.0625419268732
3587,111.30424756900204
3593,93.2121869270119
3594,109.8528075013534
3595,94.34628461331008
3599,95.21465095075251
3600,105.37945145019911
3601,112.18327077088836
3602,93.27920558124518
3604,95.0246251815217
3609,117.599533874176
3610,111.14322802068874
3612,111.45385005481252
3614,112.83319056292508
3615,94.17387619770602
3617,96.16680692691473
3618,111.4235479723259
3619,112.10139880585919
3620,111.7352406609347
3621,93.93502334207851
3625,95.23876373348041
3626,103.93631469383833
3630,103.86006740764805
3631,96.24509520088259
3632,105.80531838387398
3633,94.6963052351687
3634,111.55058854358107
3637,93.3279235062928
3639,93.92420789846497
3640,111.96985868366481
3641,93.51442319913407
3644,111.56117761920675
3645,93.96900084425286
3646,93.52341602380656
3647,92.3728648889091
3648,112.04910130987639
3653,111.71378133441631
3654,95.71220124600413
3655,112.43932344650855
3659,103.65488849295242
3660,96.13745982235193
3662,110.28675281858611
3666,93.18945586290243
3668,96.1098907568182
3671,93.48327033000048
3673,93.05527725133156
3674,111.66214731651415
3675,93.39211960584468
3681,93.16059706768642
3682,111.89759895779183
3686,111.08324981981349
3687,92.33650068347741
3692,83.36904174879403
3695,111.86389201897542
3696,94.0263742135447
3699,112.66430386137193
3705,114.88227598936875
3707,78.14995916994903
3708,94.26677500318725
3709,112.07284403801387
3710,93.9293191281139
3712,94.31345402426619
3715,111.69248810700066
3716,93.79872123185133
3720,110.7273796209913
3722,78.14995916994903
3726,94.95113022903867
3728,93.14032938609809
3729,111.44391397345031
3731,103.50589846573229
3735,112.16120215804054
3736,95.8506529123481
3739,103.45494610334707
3741,111.26426070940926
3743,103.59303103811797
3744,94.31672386372045
3745,111.9562909916199
3746,95.44566941422232
3751,93.1992208929196
3753,94.71731196768152
3760,111.20914601402335
3761,93.31048068520609
3762,110.67429492694953
3763,93.46315019846344
3765,93.73217631345993
3768,111.35615630448578
3769,93.83416750539297
3770,103.64558311066855
3773,112.45076183610556
3774,95.76035290101849
3776,95.1810334177141
3778,93.49912102782518
3779,110.807238494215
3780,92.83056573379407
3781,110.19836065498184
3782,94.24243722123309
3783,112.31856631900871
3784,94.56044179650036
3786,94.95113022903867
3789,109.8599744371161
3790,94.85384487102863
3793,111.84514904083558
3795,111.57455077581766
3797,95.83349478598322
3798,118.00253054621578
3800,110.79311977681573
3804,95.9905869474952
3810,95.26325898944161
3815,111.90294600271174
3816,95.9905869474952
3818,104.87681144376467
3824,112.18327077088836
3828,105.26697724505276
3830,111.64405758884554
3831,96.11061342846497
3832,78.0951213241972
3834,111.63989692961712
3835,93.4008317327907
3836,111.7649889136024
3838,95.35194056735293
3839,116.94239957279302
3840,112.37392123776617
3845,93.67523762194732
3846,111.19908508960278
3847,94.15682338805506
3849,78.02841674093712
3853,111.309679241029
3855,104.87095539919979
3856,95.60534820133435
3864,81.14691997166156
3865,94.73306675489412
3866,111.62343020593693
3867,93.30396319006775
3868,110.79311977681573
3869,95.8091842606241
3871,93.83399170371553
3875,104.95569754286402
3876,93.72983330116955
3878,93.31508495444443
3879,111.39647780822372
3881,110.79311977681573
3883,110.63247142247263
3884,93.16933439699648
3886,110.77115446602062
3890,95.60763891377407
3893,111.03844074959427
3897,104.85001211375555
3901,94.3661718393512
3902,111.1018206569058
3913,110.79004227976816
3914,93.72350779155857
3916,92.98337537345182
3917,111.54305546156286
3924,104.84620010453787
3925,95.77527153095652
3928,95.93770174537183
3929,111.69823266377172
3932,94.7949523644321
3933,104.87912317473692
3934,77.76890659144361
3935,93.06746857727678
3936,94.59771329120676
3937,111.19908508960278
3938,92.64937361239713
3939,111.7649889136024
3943,91.73377538348429
3944,112.18327077088836
3945,111.60896740144011
3946,93.92416534164536
3947,111.81729452298092
3948,95.18847232635791
3949,112.07603629552182
3950,94.53366550017061
3951,110.4567806225521
3952,93.50263998808184
3953,110.7464231044777
3961,116.09662327390194
3962,93.41280520079886
3966,94.64467670198337
3967,103.68400266471785
3968,96.29359741906907
3969,112.1834673185831
3970,95.63518649207137
3971,105.09170867934257
3973,94.22825556157436
3974,112.21133184364217
3975,111.5635707491109
3977,97.05375973703825
3979,112.16948865459578
3985,95.81569225743672
3986,104.4233820774128
3988,111.70063323345065
3991,95.38048902090372
3992,105.03738851160303
3993,95.18930257770569
3994,94.81062830901365
3995,111.90054025176175
4005,111.93563146917896
4007,94.00716532508068
4008,103.7519854079863
4009,95.70504338573399
4010,111.18452851550941
4011,77.73721806612487
4012,93.3478983047427
4013,105.04466140163831
4015,111.07527042737843
4016,111.67192903209775
4018,110.7026312017792
4025,94.6436344677747
4026,110.93716320900208
4028,111.58043745265381
4029,95.80632246939156
4031,93.34739723521002
4032,111.54201380330443
4033,94.34378775935255
4034,103.89393835806236
4037,95.16113098709954
4038,103.54702019903466
4039,93.4466964188937
4041,95.60653765823969
4042,109.98986105925563
4043,95.85216712541882
4044,104.87912317473692
4045,93.05606774099994
4046,112.87071585460588
4047,95.46390764327472
4048,105.07873581631718
4049,94.38590078785217
4051,93.67510461441088
4052,112.33818494341297
4058,104.76265404569637
4062,111.67700258431233
4064,112.00958680580909
4067,93.81743166892853
4068,77.94501953101614
4070,93.45393236866926
4072,117.54479484971797
4074,111.6736872573445
4075,94.88589980136216
4076,111.7801382576846
4077,93.50758280461125
4078,110.74802962862607
4080,104.87912317473692
4082,110.6944442389767
4085,94.1766597688308
4086,110.83897512007321
4088,110.93716320900208
4089,95.01864640385479
4092,77.82894834840197
4094,93.9812505019554
4095,111.81156768042499
4096,94.45532364221305
4097,103.70798837557018
4102,93.67514927561145
4105,109.05686346100536
4107,111.46806544059591
4111,95.1056177475434
4112,103.60762104770001
4113,94.74065877486655
4114,117.5326065548199
4115,93.00538562463221
4116,111.90978359373266
4117,93.8811938549423
4118,95.79692639758332
4119,111.15486051743959
4120,93.9969916127357
4122,79.22199320462592
4125,93.50976684735113
4126,111.86508114436927
4129,111.6461099624666
4134,112.27082559524665
4137,93.65109249929327
4141,103.34020542481166
4142,95.51996033602889
4144,95.35194056735293
4145,104.84620010453787
4146,97.49399925516465
4150,94.0658945191797
4151,78.61872386360936
4154,93.81743166892853
4156,94.33289942346458
4157,111.49101329545708
4159,111.67192903209775
4160,94.028494534879
4161,110.807238494215
4168,94.5488450189192
4171,104.07933497273625
4172,106.27335576575416
4173,95.69057109512534
4175,92.57948621021751
4176,104.87912317473692
4177,95.35194056735293
4178,103.43929279730418
4179,95.78113874455846
4181,110.32223838950713
4183,95.80632246939156
4184,110.89513883685034
4185,93.07941229805292
4186,111.69112840597535
4188,118.29628503707828
4190,111.5853954474305
4192,92.78299815486281
4193,110.74275058663318
4194,112.47235440442493
4195,95.78952984431335
4196,78.0951213241972
4202,95.87610427528472
4203,103.84301233505832
4208,94.9994319220091
4209,112.24068571639282
4210,94.30990217138242
4211,110.55522531423202
4212,118.00253054621578
4214,104.58382872273822
4215,94.80691298626242
4216,111.70836737118577
4217,93.26144077692575
4219,95.08487171886098
4222,111.19908508960278
4224,79.86472514693915
4231,104.38068588175308
4232,95.80632246939156
4234,94.20214755884768
4236,95.35194056735293
4237,104.7828123514728
4240,95.00561444682371
4242,104.69372032296275
4243,95.19923667757752
4247,93.69104751201566
4248,112.02644626666857
4249,92.98950959691804
4254,103.76346490942738
4263,94.57886125898011
4265,111.77675129480605
4267,111.23937615119031
4268,111.58970260565555
4271,111.76189737364194
4272,94.43267408690929
4273,111.72399306750303
4274,93.03373555694033
4276,95.2050778479428
4278,94.75626099482426
4280,95.60238637623485
4281,111.90047105648054
4283,94.1951939011278
4284,111.4977407909803
4285,96.06766574761285
4286,110.662207210861
4287,94.50033981657182
4288,114.03824913456005
4289,92.91793238969673
4290,83.19211544565876
4293,93.49673957146886
4296,109.54905961378155
4297,93.286423382309
4299,93.00114602911508
4303,113.29761384714915
4310,96.26524709973928
4312,104.17119067568777
4318,104.7828123514728
4320,110.42518717078575
4322,93.92306464184789
4323,117.90728330637535
4325,104.9371583340866
4326,111.67416421588723
4328,105.34675964716286
4330,104.08154417030957
4332,111.89332987779899
4333,95.86842714714912
4335,95.27775506705304
4336,110.52355110353604
4338,105.15148111260318
4341,95.53335195954206
4342,105.41566727980766
4344,104.76265404569637
4347,96.10879427283791
4348,104.89928148051335
4351,108.76409368640415
4352,94.08377288655858
4353,110.83793916397104
4355,104.14756807033562
4356,94.1766597688308
4359,105.12959726014903
4360,95.90420740587805
4361,94.12440380954443
4364,95.73870348561171
4365,105.19059962374975
4368,95.19906247126362
4372,94.0936901749642
4374,92.11521469800084
4376,94.62488216267862
4377,104.050881474584
4380,94.3768795870804
4383,106.99198467988919
4384,94.75626099482426
4385,103.33727967119012
4389,93.55464337404841
4391,93.92124847224878
4392,110.533533685734
4393,92.81472342555058
4395,92.461995265414
4396,112.15633578524293
4398,113.08277804912858
4399,108.10151662554794
4401,92.6813500691141
4406,94.76706438847592
4408,104.30488081121452
4412,104.89928148051335
4415,94.66785308774175
4418,110.94424410546007
4419,92.11521469800084
4420,77.92325364341494
4422,112.18327077088836
4423,92.11521469800084
4425,95.61732836741666
4428,109.84307992685211
4431,110.78252551774378
4434,93.09312276345513
4436,94.34855335300682
4437,111.20814679772546
4439,116.94239957279302
4440,93.73552576232005
4441,112.07967625574533
4444,96.22361055688594
4445,104.58382872273822
4446,95.06210490358183
4447,112.1308395277075
4452,103.77834546739689
4456,111.4873460673614
4457,93.99694414507975
4458,110.12389036288931
4460,94.1766597688308
4461,116.97979132887082
4462,93.69899507905635
4465,103.07275309268233
4466,104.61879011164419
4468,96.64880668194304
4469,104.33425557323717
4472,110.24125922214185
4475,94.9699749802702
4478,93.05858601564537
4479,111.3898149573625
4480,94.51282307277475
4483,78.08066864398225
4484,93.20411511535134
4485,104.28300747066564
4486,95.63518649207137
4488,94.00144228372052
4489,104.20874840270217
4490,94.548418616704
4491,105.38555357021947
4492,95.943942898779
4493,110.58704785820653
4494,93.75260194634795
4495,103.62762631651869
4498,78.42860682846731
4499,95.14814953914532
4500,104.63242418536167
4503,111.47822277962071
4505,103.09323312007503
4506,95.32176437773016
4507,95.17650677064192
4508,104.7828123514728
4510,111.9038119906413
4511,92.37127883851306
4513,95.8490988556814
4516,78.13744997755944
4519,93.3130733449284
4521,95.72321454601423
4531,93.66363733116869
4532,78.51431608836015
4533,102.3255981656616
4534,111.77746647935027
4536,104.7828123514728
4537,93.99694414507975
4539,96.56196203749322
4542,103.60231067103351
4545,92.79806595067245
4549,93.12343466421471
4551,94.18433176915644
4554,103.72475331761598
4556,112.4756039778617
4559,112.19108859343667
4561,111.80505820298528
4562,110.58799567483791
4566,113.56778849913557
4569,93.4356142923433
4570,112.15633578524293
4573,94.82413987142006
4574,104.01969251372563
4575,94.54315653312626
4577,94.84977459146634
4578,111.19908508960278
4580,111.23447530630378
4582,94.67367903234057
4583,112.18327077088836
4585,94.47779221004092
4587,104.7828123514728
4595,93.22513566961192
4596,112.01152144336928
4601,93.77067944605416
4602,112.55920663391271
4603,94.29229769327937
4605,111.36810147864169
4606,93.05217810881919
4607,112.26593529617892
4608,93.82791982055639
4610,96.18259852327412
4613,103.73244615976543
4617,93.4193960971691
4618,111.0811467407463
4619,92.64018660877709
4620,95.21538256930766
4622,101.40395049643965
4625,94.1766597688308
4626,104.7828123514728
4627,94.31807464978309
4629,93.31695736152524
4631,92.7069036576287
4633,104.7828123514728
4634,116.88025705334886
4635,93.36783913047397
4639,93.88069735325331
4640,104.97651395500586
4642,103.48335381617797
4644,110.73471176017038
4646,104.7828123514728
4647,95.40185079046668
4648,78.85953830663746
4649,93.62678103593451
4650,112.22451149635278
4655,93.12343466421471
4660,94.45552499515337
4661,114.30799916446112
4662,91.87702906972193
4663,112.35774822703392
4665,93.81786902830437
4666,111.54011673003001
4667,103.62861967930533
4668,94.98527853613994
4670,93.20193551245481
4671,110.38775689557541
4672,94.73404640825407
4673,103.60242847897003
4675,103.87517807192674
4676,94.15188417761863
4677,110.01491307845704
4680,95.9674740124703
4682,94.55151692564024
4683,112.73066293685399
4685,104.89928148051335
4686,94.52040344822831
4688,112.31856631900871
4690,110.16217629034846
4692,111.7362847122495
4693,92.90992527376991
4697,93.12343466421471
4700,110.98380727452243
4702,110.61625967591564
4707,116.89999836617595
4708,94.1766597688308
4710,83.42115166269988
4716,99.17711481709175
4717,95.72619081131693
4718,93.77764240357014
4720,95.90604507060372
4721,83.42950741645599
4723,94.698706549346
4726,111.64520017508625
4727,92.35708525338751
4729,93.6413367277679
4731,93.75590921814168
4732,112.22472861439249
4735,95.27259426314252
4736,104.76173357201667
4737,94.29229769327937
4738,110.65409768246583
4739,111.21009487566597
4744,104.12033729176851
4747,93.61133942211434
4749,112.14845983147616
4750,94.1766597688308
4752,112.18327077088836
4755,96.31172474376501
4756,103.63267366446279
4757,112.24915091084358
4758,94.4519842891049
4759,104.63188495495254
4763,95.72619081131693
4764,104.90348071946325
4765,93.90286403395017
4766,93.0601096318985
4767,112.09317382365174
4769,111.46112532839116
4770,93.55278282310475
4771,82.43166459434595
4772,104.7828123514728
4774,112.47235440442493
4776,110.6455947982551
4777,111.93665806453255
4778,96.05759956030212
4780,94.10688835302481
4784,93.82175948653665
4786,95.23889593696939
4787,77.97723121479163
4788,95.18675881504453
4789,112.18327077088836
4791,105.64602466480993
4792,94.57702711622707
4795,111.45948527182881
4796,92.63071407371578
4803,92.41182693818736
4805,95.97489858044528
4807,94.5520896238328
4809,93.14318870597357
4816,93.76698213732031
4817,80.94921503493718
4818,92.2606089953889
4820,93.65226595826678
4821,103.97743318318149
4823,111.92797770547428
4824,94.30154601029636
4825,111.37989872569725
4829,102.65266085703895
4830,95.87610427528472
4831,112.56134189172583
4833,105.28305984235578
4836,93.72200427898383
4837,112.31856631900871
4838,92.07927093629955
4840,94.3059439340029
4841,77.95430152510643
4842,91.67993462795367
4843,111.77908260286999
4844,93.00080136178039
4849,109.25679133416807
4851,104.16220845936654
4852,93.94180155586835
4858,92.80231782662626
4860,95.87610427528472
4863,111.82477399093153
4864,94.41861538209359
4865,111.22261051261158
4867,110.67127516201711
4868,92.64003874577315
4869,111.67014187543514
4873,92.23105628541349
4875,96.15323771100608
4876,110.97032885697722
4877,92.42679950624121
4878,111.09718248624331
4880,78.02451767498506
4886,112.6849952693633
4888,104.0733372850286
4889,95.25317353003727
4890,112.51533935743932
4893,95.892187698238
4895,94.80575864973304
4896,105.01445480941406
4899,94.19239374485052
4901,95.19641407780551
4902,111.12210176352441
4903,93.44688905758831
4904,112.18327077088836
4910,92.72288135847674
4912,92.6110804166199
4915,96.11291399095593
4916,103.6380933338785
4917,95.29164287925258
4920,104.7828123514728
4927,103.56704457164933
4928,93.12567011129016
4931,103.64628115407334
4934,93.10441576346425
4936,94.70191418370018
4939,113.2272827788076
4942,112.77247945814855
4943,95.9905869474952
4944,103.67817271474384
4945,94.98614757507848
4947,111.03008961658696
4948,92.66638870544631
4951,94.82413987142006
4952,112.18327077088836
4953,92.92450925175548
4956,93.44688905758831
4957,112.69411649204278
4958,93.59812166358223
4960,94.21978165241232
4968,94.38504895605477
4969,104.54567100446442
4971,103.51916221326563
4973,112.44541941877951
4975,111.73071803303743
4976,94.03402946723256
4978,93.11923043399449
4979,110.5009809189075
4982,94.00085705560289
4983,110.47845711677884
4984,97.47013915070636
4985,116.97979132887082
4986,93.17118627177878
4987,116.09662327390194
4988,96.22361055688594
4994,94.96731492333359
4995,95.66393209534486
5002,80.80461951339664
5004,94.06380542589164
5005,103.42581335478208
5006,95.35194056735293
5007,103.89231995375613
5009,111.07999457634673
5011,112.44541941877951
5014,95.64119972857723
5015,103.59229102315463
5018,93.25843825683891
5019,111.51671488180985
5020,93.06551918517133
5021,111.33148450470841
5022,94.55685660103481
5023,93.07987940811263
5025,95.97364899475029
5032,93.58172130352601
5034,93.56379049638211
5036,92.8741291450776
5038,94.06396089083863
5039,112.5140391579877
5046,95.94362592373736
5049,111.51671488180985
5051,94.19007439517584
5052,92.22330270120136
5053,112.47235440442493
5054,95.76035290101849
5055,94.53525061172985
5057,93.99694414507975
5059,93.83054589290889
5062,97.50781783679598
5063,111.81873695350947
5065,113.03485026194255
5069,94.04476464335129
5071,95.66055683650043
5074,111.46680171239808
5075,92.46473705426547
5076,113.82946673800727
5077,77.94501953101614
5079,103.33936297690441
5080,94.89645671259692
5081,112.29163133336328
5083,103.60808747635731
5088,105.70958128235216
5089,96.03536277649683
5093,110.36762867047008
5094,104.07042778893994
5095,97.55991993478168
5099,109.42333183678967
5101,111.33747007281207
5103,103.70091083430079
5104,94.32892760093985
5105,111.12277706578166
5107,93.02525272648037
5108,111.8864017021617
5109,95.6393585630576
5111,93.12074858636477
5112,111.13813051351029
5113,95.02529303587268
5114,109.88451091468073
5115,94.028494534879
5118,96.31055745888774
5122,95.76035290101849
5123,77.96490071189477
5125,94.45782314266341
5127,105.01189638719954
5128,95.57104877595579
5129,115.5302825877144
5132,95.35194056735293
5134,110.69674419305183
5135,94.56486688155286
5137,112.29206908938826
5142,93.37430670174905
5143,103.32455134186588
5144,93.12411621697662
5148,92.95525145891196
5149,94.28392221238403
5150,104.84620010453787
5154,77.92846660589693
5155,93.98611139221474
5159,93.2916811105648
5164,95.25845725601015
5165,111.77888294066393
5166,93.41046378552016
5167,111.2980606080406
5169,92.78842684686515
5171,92.56350792745906
5172,111.62778607135317
5176,94.1278208533604
5184,110.75115303228563
5185,93.53980598471777
5186,110.40211239490404
5188,104.97986100514774
5189,110.88046846116423
5190,93.26956373940865
5191,111.77888294066393
5193,111.6461099624666
5196,94.32485749484094
5199,77.14683356922565
5200,104.72424149516011
5203,91.93362966080755
5204,111.1018206569058
5205,92.83189320024314
5207,95.18083550194734
5208,105.78641593433505
5212,96.306477205519
5214,94.12356181737113
5218,92.69182144266583
5220,93.95574549682847
5222,92.61146917954352
5224,96.03392457728712
5225,104.7828123514728
5227,110.91868189973464
5229,104.90905088951808
5232,92.35783895148182
5233,117.65095659190887
5234,103.23084436380827
5237,112.15633578524293
5239,111.76920227869047
5240,92.6846363369757
5241,111.51671488180985
5244,93.28132967125124
5248,111.71621690060333
5251,92.40199390081881
5253,94.1766597688308
5255,94.7460611603121
5256,104.38633948847445
5257,94.45753982186208
5259,95.97878593768381
5260,112.13887936262762
5266,93.94380176139542
5268,93.30537848164312
5275,112.29163133336328
5276,111.94914074771256
5277,94.77080774285764
5279,94.54193816899475
5280,104.95569754286402
5281,94.3862787182185
5283,97.19571657478446
5284,78.14995916994903
5285,95.66393209534486
5286,103.3275175958411
5287,93.29339552426666
5289,93.49474940096184
5290,111.6461099624666
5292,106.9294293866115
5293,95.01505001964367
5294,103.49747329400122
5297,93.26723472130094
5299,104.9425666427168
5302,93.51491698741616
5305,77.18172776228978
5306,94.6266158517066
5308,93.28755757879877
5309,93.99144345316112
5310,112.75462412962226
5312,111.2903962797779
5316,112.55622099956604
5317,95.31284553818317
5319,77.8930320497332
5320,95.97364899475029
5323,94.88692604499309
5329,110.63386987858698
5331,111.21512083509978
5334,111.31170576992392
5336,111.67311943342715
5338,105.0563945953401
5341,95.7860049243097
5345,95.56915030596177
5348,93.4019927619897
5349,111.53005973519268
5355,104.76680731745257
5356,94.22698608025654
5360,104.39681371417879
5362,110.92162098911878
5364,111.89322298080351
5366,104.55164467751788
5367,96.2925630448401
5368,95.33194270275621
5370,95.88233477649021
5371,77.97201825230964
5373,104.05908783777318
5375,112.15633578524293
5376,92.0439077090154
5378,111.82886730065177
5379,95.97292381087249
5383,95.04963132315453
5384,103.23248143972462
5389,110.95383840692068
5391,78.01519634089586
5393,111.1630112801225
5395,112.82459306270998
5397,111.45331217242087
5398,93.17500490172104
5399,112.01454283549302
5401,117.90595829841196
5402,92.66693091219611
5403,111.97988540680129
5404,93.35313406131571
5407,78.0951213241972
5408,93.83530530924128
5413,110.71512107199358
5414,95.18014745660503
5417,94.30986646128048
5418,106.9294293866115
5420,111.68537339428242
5421,92.80644018707834
5424,95.60605388977831
5425,111.1018206569058
5426,93.60005160522738
5429,111.71189309477326
5431,95.38533808801382
5437,103.36437180388444
5440,92.45413482428677
5444,105.31696522711809
5446,103.56999625022578
5447,93.95360602119935
5451,93.80017322544572
5452,102.23586662377406
5455,103.23084436380827
5456,94.85985778070491
5458,93.07282199308376
5459,110.18667537940586
5460,95.34551542322785
5462,94.30047870694271
5463,111.8495792793829
5464,92.92833229831604
5465,111.4284584886415
5466,95.73649469967893
5467,103.73754285751471
5468,96.10913387409893
5469,112.35774822703392
5472,94.38559049040806
5474,93.02341941862335
5475,113.24349458419512
5476,95.5941502894517
5479,104.88889258374165
5480,112.33818494341297
5482,110.1663412551711
5485,93.02195868929121
5486,117.89435199785316
5488,78.2997442411548
5495,104.90905088951808
5496,95.8013515759682
5497,111.25783617343136
5499,111.81153110820519
5503,92.99141748133326
5504,94.11144538170227
5507,95.69057109512534
5509,93.52790021389781
5511,93.2981792197269
5512,111.60515941357065
5516,112.04910130987639
5517,95.71782164686216
5518,104.32830870516725
5521,95.32426365552392
5522,105.02183471281613
5527,95.79299221062934
5528,94.99570344967938
5529,110.79408806361326
5532,95.59506949485554
5533,110.68396254493724
5535,105.19737451422178
5536,103.65801893141841
5540,93.56537520668948
5547,94.09962643061247
5548,111.41853724456183
5550,78.3033780818562
5551,93.23407103538995
5554,111.4886153280017
5555,95.19485329723999
5559,110.82035073656863
5560,93.53470464776686
5561,112.18522027258105
5562,92.06652013793598
5563,111.75396557438405
5565,77.7571549308462
5566,94.22862216005906
5567,103.75681291885618
5568,94.53993298115576
5572,94.41377144991569
5574,95.80470088152954
5576,95.26893771432053
5579,111.63192497243391
5580,77.34875609296179
5581,94.01134206737122
5583,93.97119050368185
5584,111.92885447264999
5586,111.89242031326931
5587,93.63038788114869
5589,103.37289351568411
5591,103.68942855541717
5592,93.13028767678303
5593,111.16333854466264
5594,95.01301370018707
5595,77.17340915170107
5596,112.31856631900871
5597,110.86638361215472
5598,117.39469533596719
5599,94.98614757507848
5602,112.46542119054054
5603,95.01301370018707
5605,92.93656708451569
5607,93.9812505019554
5608,110.77061638046291
5609,92.54876892647061
5610,93.00538562463221
5612,93.54055961471276
5613,110.88046846116423
5614,93.23767461119317
5616,94.97793643512037
5621,94.98675507517376
5623,95.53032606185603
5628,115.79442887233806
5629,94.85985778070491
5631,96.64627221335834
5633,107.90516938104646
5638,104.29894977042711
5639,96.80052273576851
5640,105.00894428275467
5645,93.81439571279381
5646,78.34665018809265
5649,93.74302381919223
5653,110.18410024205417
5655,111.7117931893767
5656,94.67688301920141
5658,95.0742176153664
5662,117.89435199785316
5663,92.73980968967447
5667,93.52397354652321
5670,94.98614757507848
5671,103.30092915352843
5672,95.61979249983808
5673,103.94990420870165
5674,95.2050778479428
5675,103.75369838487387
5676,95.42028379516613
5679,112.3651199290584
5683,111.21601456858032
5687,94.89442039314032
5688,77.82894834840197
5690,93.32081026807668
5691,111.68324955241468
5692,92.47420079554715
5693,112.06594706367456
5694,94.39775552983399
5697,111.56995721715458
5698,92.71447566940824
5699,112.21133184364217
5704,93.55518691502061
5707,112.3651199290584
5709,103.1093700095317
5710,94.18268147233645
5714,93.55038342003932
5718,94.68668638570354
5721,94.66583849512435
5723,93.79775041015955
5724,113.03485026194255
5725,94.1766597688308
5726,110.49900063059458
5729,95.92080514160205
5730,104.36382661576054
5731,93.55967282173063
5733,77.94832025082266
5736,93.09293404949327
5741,104.5036732962459
5745,111.47576685454287
5747,95.51388350400703
5748,105.34247205159686
5750,111.81217516664088
5751,95.3824721262556
5752,94.85985778070491
5754,93.04578332140147
5755,93.68172163529617
5757,93.90791317315447
5758,116.80400808852957
5760,105.48180020331337
5762,103.91388730252773
5766,110.29312091095012
5768,95.9905869474952
5769,117.73088980376313
5770,94.05674179734501
5771,111.23780510239436
5772,92.81241868233901
5773,110.173564629279
5774,94.18414659688773
5776,92.86104293026494
5777,112.21133184364217
5778,92.78856589781375
5780,112.5140391579877
5782,93.18610241021128
5783,77.73350324117152
5784,95.87610427528472
5786,95.23824882975983
5788,95.44394599209816
5789,110.83793916397104
5790,94.88453483026314
5791,104.90905088951808
5793,104.23900114275048
5794,93.3605639426681
5796,116.94239957279302
5797,95.14387198523357
5801,93.15977113282717
5803,94.89442039314032
5804,111.67412907152503
5805,93.39677497650702
5806,77.95938716105802
5808,111.45948527182881
5813,93.61811908808313
5815,94.80405426565417
5816,106.32011722668925
5822,94.5054712407533
5823,112.18439685799675
5825,103.84443069769002
5827,111.64900435376993
5829,103.37289351568411
5830,96.0432679377999
5831,110.25480459406623
5832,93.61801576974533
5833,111.45948527182881
5837,115.85900949046174
5838,93.7456134824674
5839,95.57746876827231
5842,105.00894428275467
5844,111.26671948192454
5845,103.59528457705477
5846,113.43801359301162
5848,78.01837753767747
5850,111.54931314570503
5851,92.81959136075679
5853,95.9905869474952
5854,104.1168270495928
5858,105.00894428275467
5860,111.35033194929139
5864,104.29816616769028
5866,95.53538960011264
5867,112.3651199290584
5868,92.46938990187853
5869,111.6390996211333
5870,93.41392082057686
5871,110.73087690305815
5874,111.77888294066393
5876,111.77124425487597
5877,92.57139776390247
5878,93.03890720535296
5879,111.51671488180985
5880,92.30083131021397
5884,93.18387222420525
5886,111.1018206569058
5890,103.18052493792098
5896,95.19223442771926
5897,103.94373665323727
5898,95.9905869474952
5901,104.74681477213656
5903,112.47235440442493
5906,93.00538562463221
5908,112.33818494341297
5909,92.90428486812354
5910,110.88046846116423
5911,93.59549519706145
5912,111.89322298080351
5914,111.77888294066393
5919,112.44541941877951
5924,94.23008796437911
5926,94.70228556913452
5929,104.86630017192107
5930,95.42617529793678
5932,95.97489858044528
5933,112.62079234947956
5934,93.17597693677712
5935,111.45916732403873
5936,92.89183701993294
5937,111.65399989161648
5938,94.29405095239657
5939,109.77382213522766
5942,110.03074002926407
5943,94.1450570178819
5944,104.48821507710916
5946,112.07603629552182
5951,92.35516625939043
5953,103.81307538991035
5954,93.69085230943746
5957,104.31681081973933
5961,95.6144326894054
5962,105.04466140163831
5964,78.93153907384584
5965,95.18532187025069
5968,111.77888294066393
5969,93.25536219645554
5974,93.05646880668996
5975,110.93947667854066
5978,77.95430152510643
5981,104.32830870516725
5982,96.70375637447093
5983,111.90885980611142
5989,110.20043751720381
5991,94.28909158591003
5992,104.9303457328144
5995,96.6195361127324
5996,103.88029400288126
5997,111.19492876030053
5998,93.78066114553836
5999,78.3634343632823
6001,110.98176269386504
6002,94.39310790654243
6003,109.49741162609894
6004,93.69085230943746
6006,111.905209624297
6007,93.16121493527811
6011,103.42152822249523
6012,104.51580974774775
6014,93.59549519706145
6015,103.75723729255468
6016,94.54955548782188
6017,111.37162277799466
6018,95.9905869474952
6024,95.42028379516613
6025,105.23318464682016
6026,113.07560313113181
6028,111.15971859122422
6029,78.01285309814041
6030,93.90426477676084
6036,111.77888294066393
6040,93.39677497650702
6041,111.64520017508625
6042,93.6458382599758
6044,94.2509082969871
6045,104.90905088951808
6047,105.04199301859256
6048,94.9337162299754
6049,110.52985944562857
6051,116.7845901185635
6052,111.94231133083548
6053,92.27814100986934
6054,111.7255837790729
6058,105.8186683397866
6059,95.18458239897208
6062,95.97364899475029
6063,116.89999836617595
6064,103.696965152221
6065,93.39677497650702
6067,93.6618986499207
6068,111.95019013517536
6070,104.03297596098176
6071,103.88651091539312
6072,111.1018206569058
6080,111.1018206569058
6081,95.32964000344064
6084,104.90704375426812
6087,93.76587961617638
6089,105.16939345581724
6092,111.1018206569058
6094,93.0937718639798
6095,112.31856631900871
6097,114.88346777364794
6100,93.44003986062872
6104,104.7569301591426
6105,92.94122364187166
6106,110.01280971533673
6107,78.59691566319312
6108,93.13174750771651
6109,111.1018206569058
6110,92.99759494780604
6114,111.1018206569058
6116,93.9518722666038
6117,105.03690811193434
6118,95.43105821048714
6123,78.04490100027556
6125,112.47235440442493
6128,111.07316359021591
6130,103.93384180956852
6132,110.8449998909873
6137,78.00152603706161
6139,112.8076352368362
6140,93.35313406131571
6141,114.76169542353638
6142,104.83666730870735
6144,111.1796394025864
6145,94.99990347384194
6146,93.77196260116858
6149,92.81811611830264
6156,95.9592048291451
6159,113.60161873489307
6160,93.35313406131571
6162,103.33502678907577
6164,110.90453779099167
6165,92.01255439586447
6168,77.91339551386078
6169,111.45948527182881
6170,94.56975854542506
6171,111.69345338211488
6172,91.73760913165518
6173,114.60486543698059
6176,95.92080514160205
6177,91.87864329343147
6178,95.7704984849309
6180,95.38119312082617
6181,104.95569754286402
6182,95.81391712060606
6185,93.0366615516483
6186,111.74607890927604
6188,111.85686492437262
6189,94.18813769953687
6192,104.90704375426812
6193,94.30967703417525
6194,104.90905088951808
6195,95.37990299168919
6196,115.89821885229873
6197,92.82108720234295
6201,111.54990153957523
6202,93.51275325869955
6203,110.7487725286122
6204,92.94972341873103
6207,117.97588116438712
6209,93.56038369534315
6210,92.81220016450722
6211,111.7378781454898
6213,111.84549470858447
6216,91.70248314640645
6217,92.88793446022181
6219,93.54055961471276
6222,78.02223857623127
6223,95.63200072050873
6235,95.69057109512534
6240,93.77159708488972
6242,94.24788675467215
6247,95.2050778479428
6251,110.38704782994812
6254,111.4991795586251
6255,94.7782136210269
6260,103.60523205856506
6261,93.53256302399893
6262,104.79088908125603
6264,112.07507959894544
6269,104.24389840102326
6271,104.77693548058286
6275,110.85338051283628
6276,93.4708531882612
6278,95.83025819778959
6279,111.47576685454287
6281,112.95897460914323
6284,92.97794438261307
6286,94.85501997382562
6287,79.99687662544217
6288,94.50171989571746
6292,92.69027988231514
6293,92.95785110099264
6295,94.68569435376692
6298,111.82886730065177
6300,110.80890115098508
6304,104.93553923708758
6308,111.67192903209775
6310,95.20815504877662
6312,111.1018206569058
6320,93.55967282173063
6324,93.13627103866186
6325,111.80190456002393
6330,95.29705667870634
6336,111.23075288914364
6340,104.82558149738841
6341,95.69057109512534
6342,103.89282553980476
6344,94.27611162960353
6345,111.56687963330295
6347,111.41853724456183
6348,94.86155292452429
6349,111.82886730065177
6351,77.97723121479163
6353,111.27602834739139
6354,93.03947807425847
6357,95.08299072767272
6358,104.8480849024768
6360,103.36247692924519
6363,115.79442887233806
6364,92.37127883851306
6368,113.03356446515109
6370,93.01274571473891
6371,94.09590943637328
6377,93.47041087108965
6379,95.51894920387213
6381,93.75346784840185
6382,77.92846660589693
6383,111.41853724456183
6388,111.86183556024044
6390,111.54512885311833
6392,103.37289351568411
6393,96.07872271943344
6395,94.58009642991902
6398,104.0363894872926
6401,77.95938716105802
6402,93.90931169561462
6403,110.93124699828438
6405,93.36968042073075
6406,92.60178390078697
6407,112.21133184364217
6409,105.02183471281613
6411,92.63550739235822
6413,94.59483686447743
6416,105.80947017530004
6417,95.14659839288208
6418,93.38069529952146
6419,118.06110960247311
6420,111.02597157439187
6426,111.4772792278849
6429,92.62683540055524
6430,94.04680028237276
6431,110.93124699828438
6432,93.56038369534315
6434,96.02490094041562
6437,111.7117931893767
6438,95.61948420061633
6439,103.72328002504473
6440,94.2708982314066
6441,94.22334906546394
6442,111.1018206569058
6443,97.40664196428743
6445,95.51388350400703
6448,112.33818494341297
6450,111.26316931955031
6453,96.37072075083053
6455,94.89072670249122
6457,93.00538562463221
6458,110.85378027719392
6461,94.49266568889468
6464,111.60275436859064
6467,94.84954505245143
6469,95.81713169644398
6470,77.90082215159995
6471,93.35313406131571
6473,103.61012184735901
6474,94.04171279347666
6479,94.46270976885607
6481,94.32394863139002
6484,111.36669736538511
6495,94.7302527366323
6496,112.35518319603551
6505,110.43154527790655
6506,96.9569772961166
6508,95.92080514160205
6509,94.64307715994953
6510,104.88889258374165
6512,104.2360140947463
6513,93.55518691502061
6514,111.77923468854206
6515,93.15112778621412
6519,95.17841991387942
6521,93.77398780143396
6523,78.3033780818562
6525,105.00894428275467
6526,95.5283202077674
6528,95.47614268299864
6529,110.64268713896733
6531,104.1881419193228
6533,104.84620010453787
6534,94.37015307743626
6535,112.07603629552182
6536,92.22650582579563
6537,112.26750520010678
6540,93.82995609367946
6541,111.41853724456183
6547,95.56239240894617
6548,110.78485040907749
6551,112.32490366594658
6553,110.42547727924119
6555,104.90704375426812
6556,95.69057109512534
6561,78.04783850831762
6564,93.11903603795204
6565,112.07603629552182
6568,95.37278243387054
6569,111.1018206569058
6573,103.6913315754549
6574,94.5788009389578
6577,111.9250426784399
6579,115.79442887233806
6581,93.32994034307852
6582,110.97032885697722
6585,105.95747931371312
6586,95.35860554630352
6589,105.43260784587967
6590,78.40231481809819
6593,92.87330955853658
6594,111.275494419748
6595,92.43564153608868
6599,92.4976213803616
6600,93.8770135179864
6601,114.08896010200984
6602,92.37127883851306
6603,112.33818494341297
6604,94.56975854542506
6607,103.64100071786656
6608,106.76763744982541
6609,94.16157290910346
6611,94.30434215568526
6613,111.1018206569058
6614,93.61590665635354
6616,93.5407236143193
6617,111.1018206569058
6618,93.69085230943746
6619,102.53438668962144
6621,104.90704375426812
6627,104.2071166205958
6629,110.12357877853528
6631,78.01316457519547
6634,94.84989081492243
6636,93.78322885565522
6638,95.37278243387054
6639,111.1018206569058
6641,112.18439685799675
6642,95.13904778000752
6651,114.74546155585426
6654,79.15899876234921
6657,96.07293687702845
6663,92.86177545933486
6665,109.8599744371161
6666,93.97133120520795
6668,93.61811908808313
6669,104.95188086330157
6670,95.69592870679942
6671,95.68500007370157
6673,94.51616034766249
6675,93.8856590058639
6676,77.97723121479163
6677,94.74000689799867
6679,94.30798965737424
6680,111.74911276928908
6681,104.88889258374165
6685,104.90905088951808
6688,94.42569851429455
6689,92.45317355056912
6690,109.23562156420816
6692,111.1018206569058
6693,93.71853714232935
6694,95.18083550194734
6698,118.06180081676142
6699,93.37430670174905
6700,110.99512735424497
6701,93.00538562463221
6702,111.52872222998404
6704,92.45317355056912
6707,110.38889063913
6712,112.44541941877951
6713,93.50954389242818
6715,95.15969416297288
6721,110.21746523425794
6722,93.54055961471276
6723,112.06653587036018
6724,93.82112962547862
6725,117.92452913550427
6731,111.89847146663041
6735,82.03904180821802
6736,95.25391022434282
6737,107.49291252510511
6738,95.94928680630477
6739,104.84979938746987
6741,103.72049488743363
6743,92.59996924673551
6745,93.61811908808313
6747,110.97386772349672
6749,93.9332065937177
6750,104.13487618664625
6751,116.63381187321485
6752,100.10838651154181
6753,111.1018206569058
6755,117.52827668418465
6756,93.49559488097904
6757,103.50571608604723
6759,112.22551298848892
6761,93.1599875506848
6763,93.35313406131571
6764,117.73088980376313
6765,94.36434367011083
6766,111.5928850816583
6768,111.905209624297
6771,92.45317355056912
6773,94.14280156325806
6774,95.41759080479379
6778,105.86996488490865
6779,96.9178226249913
6781,91.6933124399031
6784,96.02464457327615
6786,92.8349451269404
6787,110.9028586057415
6790,92.91398051802172
6793,104.32470002535817
6795,111.1018206569058
6798,111.92414700623415
6806,104.02099771319082
6807,95.6253169712159
6810,94.00152835941869
6815,110.83621219903958
6816,93.13220271364462
6817,103.34918076734996
6818,95.06721854422422
6819,105.04199301859256
6820,95.58563561570126
6822,93.44870499942049
6823,116.7845901185635
6824,111.45948527182881
6825,94.28634089433457
6828,77.88515830534513
6829,111.53277439780001
6831,110.75698551177058
6832,92.88074615053803
6833,111.53288665246205
6834,93.35313406131571
6836,94.77335456995205
6837,112.44541941877951
6838,92.62612145536009
6840,104.5869007831846
6843,92.55907179875081
6845,92.23713656912402
6846,92.75959853183203
6847,111.3566252907078
6851,111.03438834501692
6852,93.49898939857005
6853,110.5633901497218
6858,95.87072209087157
6861,111.67311943342715
6863,114.08896010200984
6864,78.0951213241972
6865,93.97368760475482
6866,112.15633578524293
6867,95.42303332238043
6868,104.05181342868525
6869,95.273305396865
6870,111.45948527182881
6874,110.7410704195042
6875,94.60508785597963
6877,111.85996117812103
6878,92.75238361485158
6880,94.18047407918995
6883,110.67893486716996
6884,92.82998185954582
6886,95.01623302418406
6890,95.59320356803663
6893,111.14959420111188
6894,92.99368777098155
6899,111.85996117812103
6900,93.1856240524796
6904,94.16785493909056
6905,111.73650527223057
6906,92.33227732743106
6910,92.88603414509666
6912,104.58224141247766
6913,114.75194922137487
6920,93.20720491738233
6922,93.85721204789908
6923,111.1018206569058
6926,95.38749614968059
6927,110.77030047914575
6928,92.14515328587197
6931,110.651021767279
6933,94.44434901294368
6936,93.38965398563052
6937,112.29163133336328
6939,109.31083325487626
6941,92.648521216438
6942,109.8444016865775
6943,95.00470276398636
6944,102.9077275352008
6945,95.3826102063086
6946,110.79757931193133
6947,116.89999836617595
6949,104.89928148051335
6951,104.90436091799685
6953,110.32623076082675
6954,93.55678203672348
6955,112.30366251894675
6963,110.88036440554193
6964,93.07260437595261
6966,93.82094361106353
6968,92.7913575164442
6970,104.95569754286402
6972,111.03975568680718
6976,111.14521194609505
6978,112.15633578524293
6981,103.87219407283442
6985,104.12012984093471
6986,93.32846677932744
6987,109.9771230504323
6989,110.77494062497928
6991,116.7845901185635
6993,111.76387079040691
6994,95.10602819792791
6995,111.87433519441787
6996,94.47809403091082
6997,111.77888294066393
6998,77.5873041409989
7001,111.06219603088698
7003,108.93621421748254
7006,94.5783956455887
7008,104.34524932581354
7010,92.26084010911714
7011,93.68867641080622
7012,109.52959824251283
7013,93.2451153663945
7014,110.88204674857876
7017,103.94857302193753
7018,93.84987802295694
7019,91.96683551080409
7023,95.01553518774799
7024,104.4771172821208
7025,93.22679442571713
7026,111.84014765105294
7027,93.41183051496094
7028,111.76735901779827
7030,111.1018206569058
7031,92.02140503844461
7033,111.87369695859094
7036,94.2578158234348
7037,95.08301356401724
7039,94.15682338805506
7044,94.11038876979573
7045,112.44541941877951
7046,99.62775582117304
7049,104.61323166653364
7050,96.44372208021495
7051,104.95569754286402
7054,110.35632487359977
7055,94.29956769757874
7057,93.61131714647475
7060,111.85996117812103
7061,95.9905869474952
7063,91.73947973784291
7064,110.54585585787197
7067,94.18047407918995
7071,94.44181454169609
7074,103.47225232811564
7075,94.67900182837326
7078,112.44541941877951
7079,92.45317355056912
7080,111.66274051384494
7081,94.86560870573355
7082,112.47235440442493
7083,92.86336878506974
7085,113.66132915847226
7092,105.0563945953401
7094,95.13952775316194
7100,93.17142878318171
7101,110.32819629730525
7102,112.15633578524293
7104,111.46309256106585
7105,95.9905869474952
7106,93.567909844536
7107,102.42460243577234
7108,77.2389396289405
7109,93.48909599200464
7110,112.29163133336328
7112,94.8887714817841
7113,104.88889258374165
7114,95.4231487842896
7116,112.18327077088836
7117,95.90386718885713
7118,103.38779403641388
7120,94.2697970312792
7121,104.33730019687276
7123,103.79233966878124
7124,95.88594353536384
7127,108.64570074160729
7131,103.64619012996515
7132,95.06721854422422
7133,92.25735848516703
7134,111.47166798923081
7135,91.75255266563124
7136,111.31432563101662
7137,92.68032775090975
7141,93.64816889787421
7144,105.02183471281613
7147,111.39156436652115
7148,93.53704574962667
7150,92.35151658303143
7151,94.2697970312792
7152,103.99874863171097
7154,93.19327834085436
7156,94.74499424074061
7157,103.30464303620833
7159,116.89999836617595
7161,95.50275111794247
7163,93.71626495593149
7164,103.40624030757824
7167,77.92077100382562
7169,103.8008713287286
7170,94.32159604926186
7173,93.97697700225864
7174,103.50194976918135
7177,111.47805244410702
7178,104.9742168126341
7179,93.81743166892853
7180,81.6370659606994
7181,111.51671488180985
7182,93.5773293034263
7184,93.55518691502061
7185,111.73793491339696
7186,92.43519030022675
7187,115.84780615624183
7188,93.69104751201566
7189,112.21419133910943
7191,103.58527558618717
7193,110.80084485675091
7197,96.76518578437641
7199,92.99272516171806
7200,112.47235440442493
7201,91.75255266563124
7204,93.09284370830899
7207,111.25270251375093
7209,114.08896010200984
7210,94.54396284875195
7211,105.77893480840176
7213,94.39061396990905
7214,111.77888294066393
7216,111.75274121664368
7217,94.44832140638005
7220,111.80997951426612
7224,111.1018206569058
7225,93.72034519586951
7226,111.75274121664368
7227,93.4067643461352
7234,111.73793491339696
7236,80.96778487673053
7239,103.95530076871572
7240,93.61919687832615
7242,116.16120389202563
7244,111.08912852105598
7245,92.41934462475419
7247,110.32459513695997
7248,92.49613382896949
7249,116.97979132887082
7250,111.76538393788708
7251,93.907845877065
7252,112.56335040253984
7253,78.0951213241972
7256,94.42624289436401
7260,93.35313406131571
7261,112.42389160332179
7264,97.41782416258347
7269,112.97673188757348
7270,93.60456304711045
7273,111.79560549796928
7279,91.48325196446899
7281,111.47576685454287
7284,93.88845275198136
7285,112.28905270924172
7286,116.94239957279302
7287,91.62668282079696
7289,93.55518691502061
7292,93.2343605715496
7293,112.33818494341297
7296,96.1565348586769
7297,110.92718781444744
7298,92.82313505705673
7299,112.4743382153048
7301,103.79810222831578
7304,110.98369492262938
7306,115.93778064124645
7308,93.55518691502061
7309,102.70198887605164
7312,93.22690290393516
7313,78.0951213241972
7314,93.93871961319225
7316,92.86271617190056
7319,117.16646252412357
7321,97.39057164931057
7323,94.98835117730403
7324,103.92183085349883
7325,94.65005205106164
7328,103.10290035008867
7330,77.87543385854288
7334,94.65005205106164
7337,111.73793491339696
7338,96.68074257793893
7339,92.45152305585677
7341,92.5391415721607
7342,111.7117931893767
7344,111.53954011133631
7345,111.60654190133995
7347,110.80084485675091
7349,111.47576685454287
7350,94.73657780421034
7353,110.84395033796639
7355,111.99383160313194
7356,94.03932217436821
7357,112.40211678689842
7358,96.06439648380851
7360,93.05560341261489
7363,104.83483523633458
7364,95.42028379516613
7366,94.83076095314833
7368,94.66370895361335
7369,111.29916124152022
7370,93.3181403892224
7373,94.03027874528237
7374,110.57205916075252
7375,95.69989244267168
7377,94.16137054581714
7379,92.9939180082691
7380,117.51960066232174
7382,110.41603783436375
7383,93.95061101169507
7385,95.74414571615158
7386,104.22145716869255
7391,96.44514092031696
7394,104.31812916392266
7396,111.76538393788708
7397,94.87653005407422
7399,94.18579671625822
7400,105.30489730117651
7403,77.9483166065088
7405,111.67388289150834
7408,110.53159667182257
7414,114.09507204244188
7416,103.54024955905413
7417,94.81628320935815
7419,94.26574568346084
7420,105.1071078020305
7421,95.24225897514903
7422,95.35194056735293
7423,104.52073769822508
7425,78.32632108282075
7430,95.08886136475172
7432,95.51388350400703
7433,96.50326788305907
7434,111.1978581914574
7436,110.36368542477524
7437,93.07305895901037
7438,103.43593754705486
7440,104.7312671921144
7441,95.11228438902634
7442,111.77416753076548
7445,110.69114481736963
7446,103.06356346119843
7448,111.03522431020829
7450,104.04170502329335
7451,93.53256302399893
7454,110.97992416006159
7455,94.07434592847456
7457,111.28122375683762
7459,103.16009788174513
7462,92.63846514979126
7464,93.53256302399893
7465,109.72655647007961
7466,93.00022699900175
7467,110.22632979323399
7469,111.38137203788602
7472,95.10602819792791
7473,111.1018206569058
7479,94.65005205106164
7480,104.87912317473692
7484,110.36822787482063
7491,94.28909158591003
7494,104.58698669674936
7495,95.44473970709383
7501,92.86222217250666
7503,94.21814624325451
7504,104.88889258374165
7505,94.56975854542506
7508,111.60896740144011
7509,93.12343466421471
7510,78.0951213241972
7511,113.03485026194255
7515,95.27278694430426
7516,105.68033275286733
7517,93.92326650566596
7518,105.47456153634666
7519,94.10228083417323
7521,96.51138590576831
7522,103.70114036428353
7524,103.35858664951849
7526,104.49867841032582
7527,94.4005901015736
7528,103.66736882656656
7529,95.21306478543008
7534,110.6817940664669
7537,112.09737925478963
7538,94.46006710263622
7540,95.28507420429118
7541,111.83362560273429
7545,111.41853724456183
7551,114.85255749302264
7553,94.71563552504713
7554,103.52021134370872
7555,94.54082278758204
7561,110.84299110916865
7562,94.26876505741555
7564,94.38351960041511
7565,105.12662852519342
7566,94.10363976058855
7567,111.14582935026135
7569,103.39638379190343
7570,95.90949072228125
7571,114.74546155585426
7572,93.56518545196981
7574,103.85213449757633
7578,111.56974318828294
7579,93.51122969100584
7586,93.29306086715954
7587,81.35879313899258
7590,94.21691187444779
7593,111.1018206569058
7594,95.60048304077925
7595,94.10363976058855
7600,92.9887828743784
7601,78.05734228699279
7602,93.68470076052553
7603,112.22094441036364
7604,93.01171484307743
7606,92.14217765419234
7608,114.75194922137487
7613,78.05011396275755
7615,111.05955393063326
7616,110.18276229298982
7617,117.19194544497475
7618,94.4005901015736
7619,104.95569754286402
7622,95.10657606011827
7623,103.87537085104192
7624,95.31180177140448
7625,104.96853587771308
7626,94.51510343196338
7627,105.19429931499614
7628,77.34454542791383
7631,105.66731865041493
7632,104.90905088951808
7633,94.93837520882154
7634,113.14104219059887
7635,93.46793779007946
7636,111.77888294066393
7637,111.77888294066393
7639,92.92741960140462
7640,77.93215803467528
7644,112.47235440442493
7645,93.05646880668996
7648,105.038964449833
7649,93.91684177748338
7650,111.45948527182881
7652,109.72655647007961
7653,93.0379449362322
7655,94.2609285568945
7659,110.28309722383817
7662,95.62354129897089
7664,92.67617656460541
7666,96.34837992188002
7668,95.41145506234311
7669,108.86194141882443
7670,95.54096736010537
7672,95.61466102315558
7673,111.2316467823017
7678,92.92620807031207
7679,80.98560742282146
7680,104.84620010453787
7683,92.66984671319393
7685,116.94239957279302
7688,93.84987802295694
7690,110.11281402238922
7692,94.13080859136718
7693,95.26466369080038
7695,111.73793491339696
7696,95.47668787765946
7698,93.99905637092195
7699,110.63177268888495
7702,92.17173843308916
7703,111.75274121664368
7704,94.01326107252274
7707,113.03485026194255
7713,78.12622459535866
7715,103.00639128623887
7717,110.73470835605698
7718,95.00966213313751
7719,103.47987669536323
7721,109.5999974253707
7722,95.33985315246136
7725,102.4445560596547
7727,102.59086967389642
7730,78.31949846143524
7733,92.48461665903973
7735,103.4964119683918
7740,111.75274121664368
7741,111.49120667562751
7742,93.05654467920066
7744,110.67890965869361
7747,95.29303322534327
7750,78.38433582620262
7752,111.39647780822372
7754,112.36761437265017
7756,105.2188667581783
7757,94.9889387173089
7758,105.10775902920074
7760,104.84620010453787
7761,94.25879071520555
7763,111.80820270628065
7765,94.64463389440022
7767,111.77888294066393
7768,95.30276287680643
7771,94.65254645588055
7773,92.30726395076393
7774,112.14550759984505
7776,105.13815950438791
7779,94.99288082383912
7783,92.70812087644185
7786,105.01870694188992
7787,95.18104257236266
7789,94.26083475908965
7791,95.44686978259764
7793,95.50389612159636
7794,110.17224159907963
7795,92.62848381964042
7799,78.04783486400376
7800,109.83558886792574
7802,95.27334976415376
7805,108.72506726013187
7807,103.48869113118026
7808,96.5354748201873
7811,104.89928148051335
7817,110.18276229298982
7818,104.90905088951808
7819,93.59549519706145
7822,93.18945810368628
7823,111.85870405986603
7825,112.20925105610328
7828,92.63263142068868
7832,93.35313406131571
7833,78.14038384128764
7834,110.59719073410275
7835,95.20387488479986
7837,94.21078712682163
7840,93.13208334818563
7842,94.24770864657955
7843,111.41502811006397
7844,93.87457654238709
7846,94.25879071520555
7850,94.87068090823232
7853,112.18439685799675
7855,114.55488134937191
7858,94.84183617396425
7863,110.41568878465283
7865,112.44541941877951
7866,92.77523982305614
7868,92.46671836662183
7869,111.17946701455027
7871,77.92077100382562
7872,103.18324092039593
7874,103.58897069406376
7877,111.79561012797083
7878,93.05646880668996
7879,110.713886187669
7881,94.62990007109339
7883,95.31169106973535
7885,103.08405889559504
7886,94.71563552504713
7889,96.17626605802371
7890,104.97811768560342
7891,95.06834612931392
7893,94.85501997382562
7894,103.87517253774529
7896,111.45948527182881
7898,103.89231751661207
7901,95.27340334268077
7902,110.80084485675091
7904,110.30287562171763
7905,94.12440380954443
7906,114.05953665779198
7909,93.61811908808313
7910,103.89306280920658
7913,93.82041894357951
7918,112.4235872393686
7919,91.75255266563124
7923,93.15850604404834
7925,94.1505023858563
7927,92.10684002992753
7930,95.31140484690104
7932,95.23922795770467
7933,93.31368401481107
7935,94.17679053041957
7939,104.7559225495007
7942,92.10394889930119
7943,110.83884479528369
7945,103.98938511949108
7946,94.66370895361335
7948,95.53937628141777
7949,111.1018206569058
7950,92.23649322819163
7951,111.77888294066393
7955,102.99878240367735
7959,95.42028379516613
7960,111.75274121664368
7961,93.93819059686538
7962,102.7438718934093
7964,102.53322850417396
7965,94.98116983832425
7966,112.47235440442493
7967,102.89002692856387
7968,95.9187341463189
7971,104.1787630024196
7974,91.75255266563124
7976,105.79982369143173
7978,111.42248559154375
7982,111.75274121664368
7983,93.69085230943746
7984,105.04199301859256
7986,93.00525487640047
7989,111.1018206569058
7991,110.80084485675091
7992,111.31507282350768
7993,92.07266916876824
7994,112.15633578524293
7995,93.35313406131571
7997,93.29326194864696
7998,105.04199301859256
7999,110.18276229298982
8002,93.45856018495797
8007,94.35984818649396
8009,95.74628030633546
8011,94.0425307943033
8013,95.49443425152715
8015,105.36697913818641
8017,112.35566192095044
8019,116.94239957279302
8023,94.40215516123267
8024,111.7117931893767
8026,112.32490366594658
8027,92.85616792855198
8029,93.71626495593149
8030,111.93890256235602
8031,93.5118639779116
8033,98.97390369258244
8035,94.86378030451247
8036,105.95313400381782
8039,104.31663217115056
8042,92.41687310152369
8044,93.24404878889123
8046,79.30001622878702
8048,112.70636404337917
8049,94.12440380954443
8050,105.40556016514437
8053,94.40305030551296
8054,93.24563491212025
8059,92.96049774503885
8061,93.39015242408179
8062,110.7520395602803
8064,111.67833188137455
8066,103.84890374783474
8067,95.02004428401675
8068,95.24011260988667
8070,95.31927529959347
8071,112.3651199290584
8072,92.1089054306518
8076,93.29762693796994
8080,92.57586755268302
8081,111.5498257531919
8084,103.54628388195032
8087,110.82051309304008
8089,92.06423794660833
8090,117.65095659190887
8091,104.76265404569637
8094,112.81068579698677
8100,92.10514243125574
8101,95.4373496760088
8110,95.00899389242055
8111,110.80084485675091
8112,94.03733611289735
8115,109.20163391445246
8116,94.99491356920205
8118,111.67833188137455
8121,118.06110960247311
8125,110.68236506278984
8127,110.54655367075298
8128,92.22203803189201
8129,110.7625273625582
8131,94.08508166261834
8138,94.56989225065055
8139,104.08042692711561
8140,92.8167131068331
8141,92.30726395076393
8142,111.54772092989673
8143,110.18715972165094
8145,112.32490366594658
8146,93.79800570261646
8148,114.08896010200984
8153,111.11901702845678
8154,92.73955841483338
8155,113.43065600109384
8161,94.96881238976013
8162,111.67132390170853
8163,93.12343466421471
8166,111.23895830923513
8168,111.71999436726578
8170,92.42581403970235
8172,110.80084485675091
8173,91.75255266563124
8176,104.320441004144
8179,94.39408553200161
8181,94.16157290910346
8182,116.16281051456704
8184,111.54889650549705
8190,104.84620010453787
8191,95.73436264361212
8194,110.52653939660736
8196,110.2295170253731
8198,110.3040228494939
8199,112.04910130987639
8201,111.84404213960455
8202,92.96148807972867
8207,94.98116983832425
8208,110.7625273625582
8211,110.80217567718357
8214,109.74847332180161
8217,94.57657643044861
8218,110.32787637430553
8222,94.32738195610669
8229,106.84298463273551
8231,93.91020818526206
8233,95.97403204584406
8236,95.17984962504703
8238,111.73793491339696
8240,103.46409177462867
8243,103.98514013841825
8246,110.58477699496503
8250,93.35112720379524
8254,95.33985315246136
8256,77.87771295729667
8257,109.93551021631929
8258,92.67160219861444
8260,93.84987802295694
8261,111.71126652765155
8263,115.77747727405551
8264,94.20211821585315
8267,111.25791945775772
8268,91.62668282079696
8271,91.89682637481789
8272,110.7625273625582
8275,95.26854905777219
8276,95.08174808479181
8277,105.08016537194241
8278,116.89999836617595
8279,93.77561710115361
8280,111.15668670405422
8281,94.66583849512435
8282,109.8613299813876
8287,111.26047936622065
8288,91.75255266563124
8289,111.74846479320776
8294,93.49485555840427
8296,92.38347126863383
8299,110.50667420564933
8302,105.02183471281613
8308,111.79666169895258
8314,102.89568389064361
8315,95.76175235250031
8316,109.32652424263762
8317,93.86864641277295
8319,110.73501638322908
8320,92.31225676376748
8321,118.00253054621578
8323,94.21082671913408
8325,95.13536023211098
8326,111.44450814893752
8328,110.80084485675091
8330,109.87375623961962
8331,93.02360838535091
8332,113.51899891533397
8334,94.55048882283279
8338,93.13477618911777
8339,94.50468132938379
8341,92.80960567888458
8345,112.07603629552182
8346,94.16157290910346
8347,103.2882683457318
8349,95.21505851678688
8351,94.96881238976013
8352,111.93731524097836
8353,110.80084485675091
8355,111.11231981406516
8358,110.18276229298982
8359,109.91602614794954
8360,93.96196342860303
8361,112.1667902789227
8363,102.65268631252019
8364,93.96330161384326
8365,95.60347846910669
8366,104.88889258374165
8370,110.13933000908408
8372,94.69012184387756
8376,94.98412505840507
8377,112.12499330251686
8379,110.19144855823991
8380,92.73390609621518
8381,111.12963355084116
8386,91.60874492327054
8388,102.64683638123172
8389,95.43557531938669
8391,111.7737090683106
8394,95.33985315246136
8396,103.19351588990926
8398,103.72556028183216
8400,112.32401321393972
8401,92.62203835730051
8404,92.80960567888458
8407,95.35194056735293
8408,111.41853724456183
8409,110.78641224770925
8410,104.6285738592017
8411,94.68305093125535
8413,92.26616084548078
8414,111.53276286507585
8416,93.20411511535134
