ID,y
1,82.33592074849334
2,96.94295317618348
3,83.24740517319754
4,79.1101985337752
5,112.40758772490426
8,92.34126137093506
10,111.68969083757098
11,94.16735720951131
12,117.06521563833257
14,94.3665970264463
15,116.4445349143976
16,104.40769897937595
17,94.70845123572846
19,94.50073118409772
20,105.09147370431334
21,94.89261371421756
22,116.92854957457025
23,94.70845123572846
26,94.83899581240931
28,92.79123817285621
29,94.70845123572846
33,94.70845123572846
35,94.75350894042207
41,94.70845123572846
42,94.43828365276744
43,117.15032142615888
45,103.38100140222308
46,103.40180563085558
51,94.34923865924918
53,81.04283229102228
55,113.67296911041822
56,94.96957390498007
57,104.32758466639199
58,94.89203337981189
59,105.03562910612767
63,112.55546630146901
64,94.57952104210572
65,105.51850358685904
69,92.84228991212572
71,95.04755481121667
72,105.4818946870283
73,94.31888431848162
76,105.03204621702201
77,101.13102519960695
78,116.94118061058906
82,94.66733621052722
83,105.51850358685904
84,95.12361540487032
85,102.85649841352236
87,112.13850417286767
88,94.70845123572846
89,112.33393918797934
91,94.51233774468056
93,95.30250770310315
94,104.4267727229588
95,94.18950773329016
96,112.4161372089373
97,94.75240278263996
98,114.17877273721952
99,94.37523471554988
101,104.35469847664733
103,112.33393918797934
104,93.16855728187019
105,111.99331879990865
110,95.6539814766922
111,110.94423933507227
113,112.74946319604426
114,94.7201444453267
115,107.37805051180182
117,112.33393918797934
120,93.082135034624
121,113.78031184034927
122,95.16428318472164
123,114.30686632159203
126,113.55532513143015
132,113.45886023698431
135,108.18209493635953
137,105.75966037927974
138,94.63761523309327
140,95.05856213789951
142,109.04354305013283
144,112.55697107296167
148,92.7764414238626
149,112.98052392574
155,95.36275030683414
156,112.52342931900553
157,94.75240278263996
162,113.01470287545922
163,93.54787663627933
167,93.87032294062193
172,117.15032142615888
179,113.75269730047096
180,94.9782316098225
181,111.49619909571835
182,95.58879106503377
183,112.33393918797934
185,112.33393918797934
187,113.00478894309508
188,94.31888431848162
189,94.42057492258614
191,93.02421173154494
192,109.84692643706381
193,95.06243008379832
194,111.45480253572312
195,91.9130150990412
196,112.13078226609863
198,95.86197978952356
199,112.58558398084891
201,105.09147370431334
204,94.25212639102193
205,104.98032654572566
206,96.57070495238172
210,94.8133781010433
211,104.35469847664733
216,112.68290029925703
219,117.06521563833257
220,94.30316595343928
221,111.49619909571835
226,111.49619909571835
227,93.1147688045825
228,112.09680897172281
230,111.4175214864979
231,94.75240278263996
235,116.92854957457025
236,94.63415292885779
238,111.89801875555705
242,103.99845758163511
243,94.23074516159156
244,78.38446888794523
245,111.70021277549883
247,112.15117207590308
248,92.40748634084227
249,94.11852271060212
250,113.07386757501409
251,94.63415292885779
253,116.92854957457025
254,93.09429049112313
256,94.67990471224641
257,92.47764657242493
258,112.40872392847245
259,94.50602972121808
262,82.12183731147964
266,94.62204722852951
267,112.70286887729793
272,102.96522169655469
273,112.33393918797934
275,96.27968788745993
276,113.44713402346663
279,94.77100319766623
280,105.51850358685904
283,93.28444216919208
285,112.09680897172281
288,112.33393918797934
289,94.79857171261948
290,105.33879596511568
291,94.76217543889356
292,112.13647389297314
293,112.0625202782537
296,95.75848617926754
297,112.36158278747787
298,117.17638789977423
299,94.66733621052722
304,93.41366706627956
305,88.38605655885537
306,93.65529514481624
307,111.6092637266852
311,104.48632200098882
313,111.56612069432303
314,93.03329041405698
316,94.00582652448969
324,95.08895350014932
327,94.16207237889238
329,93.73552441783531
330,111.50791501954222
337,106.39174863128258
338,94.70970328325122
339,105.18472318350196
340,94.58063361359987
343,92.62858328790817
345,116.4445349143976
346,94.48790439316588
347,112.62369110545643
349,110.04680524152184
350,93.78338501113838
352,113.2115461314333
353,93.28825524747518
354,82.61104405197403
357,94.27189664967133
358,113.95968848004067
362,112.30237139106936
364,106.82489489656729
365,103.5556876724868
366,92.29407996244773
367,112.08285898866562
368,94.58072948473854
370,81.1909384043081
373,95.19979426742016
377,92.45754756775081
378,112.92341193685559
382,105.03204621702201
384,112.09680897172281
390,94.2139386641504
392,113.70801449031318
393,113.74645921253197
395,94.36970882693157
396,106.66761286644913
399,81.64209816376705
406,111.56612069432303
408,111.56612069432303
409,93.54729615166934
410,79.13205756092563
412,113.7173658532493
413,91.95688030488297
419,94.32180655290307
420,113.88901885925705
421,92.10569362501828
430,95.6436318559223
434,94.32291493467595
436,95.21130178027092
437,95.30649874968807
438,92.78300674265344
439,111.4175214864979
440,94.72003913877501
443,112.2764528027956
446,94.08609871794299
448,94.8661835653521
452,94.3386925571759
453,104.26745097194026
457,105.09349890745841
458,93.9480561195568
459,113.75154687621209
460,103.51645486037704
462,104.54856655704722
464,102.67712453445193
465,117.06521563833257
467,113.48698088339808
471,111.01941251088279
472,78.07001090472697
473,93.59153071363305
475,94.0895551852878
480,95.295198908213
488,113.37061735855539
490,111.6092637266852
491,104.08372328963732
492,84.86708832332313
493,94.27248180829667
497,93.01113535184382
498,113.14741759650096
499,94.54469895806872
500,103.59995278582706
501,94.2768299166577
502,112.10090515943996
506,80.94664929787228
510,111.02493504899232
511,92.59862802520111
512,93.42716407530732
516,93.98093576297869
518,93.76856611246897
519,112.54723112039838
521,93.85187128251546
522,113.03506823656645
526,113.09300099768349
529,95.51394078319558
532,113.11197552353741
533,95.33932251736763
536,112.8619568339851
537,91.74708293210735
539,94.87858173284718
540,104.1230422824963
541,94.67630907496736
543,94.91574788565852
546,113.97848741208385
547,94.17454098206738
548,80.6002359368333
551,94.69213793475392
552,103.40672417158342
556,104.16766995890103
557,95.15350595266948
558,112.08285898866562
559,95.32205403845
560,104.58080605841201
562,105.13560953296147
566,94.42249086265095
570,113.14741759650096
571,95.30649874968807
572,105.51850358685904
573,94.31888431848162
575,117.06521563833257
576,112.51137383674079
577,93.43194778969637
579,92.58403940680961
580,113.30262822785487
581,113.77821543065723
589,111.6092637266852
591,102.81524705628227
593,94.94409251863945
594,104.2737933909937
595,94.83923456160983
598,94.07299100441315
602,112.31069747572397
604,113.9650270303117
606,107.27909423957222
608,92.19892108069342
609,104.35469847664733
610,94.06408862349156
616,112.3330073889382
617,94.39756044462622
618,102.53308877053077
620,104.34292929956224
622,112.351375410371
623,92.62191819422476
624,100.87222367851872
626,111.73679752406198
628,112.79014268021886
629,94.73911116943782
630,111.4175214864979
637,95.18563266648766
638,107.0218528334824
643,96.6638475326125
645,95.295198908213
646,112.81976730797201
648,94.60503643910378
652,94.3248131191134
653,95.07299139052063
654,113.14741759650096
656,113.81568721575472
657,95.20987871455893
659,95.92934004259149
660,104.25944527781631
663,93.09406187683506
664,112.96893803915555
666,103.46831820849697
668,111.06275515324462
669,94.85624714385519
671,95.30665757652714
675,93.36099390193363
677,94.3567107923456
678,111.70021277549883
679,106.70932610430475
682,94.50206891051481
685,103.80340931767458
687,94.65974640280628
688,92.65674118497438
693,113.09025096266514
696,94.16207237889238
698,93.80234761726653
701,94.85431303203929
704,103.74497415298883
705,116.4445349143976
709,114.01478198287329
710,94.61578336605812
711,104.5982813044048
712,94.98838588318768
714,111.47569388778163
715,92.0146810818527
716,111.6092637266852
717,94.60876535660276
720,116.4445349143976
721,93.02421173154494
724,102.09648040716883
725,94.18298677401059
726,111.93698550598995
728,111.75272042880114
731,93.082135034624
734,104.93907559658945
738,94.20937684926301
745,111.18991485213043
746,93.30909117918517
751,80.43550740682409
754,94.15763442972386
756,93.20042462783225
758,93.63157200668898
759,110.27044342279353
761,116.92854957457025
766,94.64688542035279
767,112.72815906846232
768,92.62191819422476
769,112.93018620039558
770,94.96471577277558
771,84.86708832332313
772,104.45185474500997
773,94.07299100441315
774,112.95478608636756
776,112.09680897172281
777,96.22511481869284
780,117.15032142615888
782,104.1230422824963
787,103.08943225350579
788,94.87858173284718
792,92.28893715465105
793,112.8400920158072
798,93.95215733694543
800,92.69091200597754
806,111.6092637266852
809,112.18022562641339
811,113.60448390355643
812,93.56152905494635
814,117.06521563833257
816,103.17950303654605
817,95.37019449182964
818,104.16024096627794
820,110.81499911308832
823,93.9480561195568
829,92.4439557826595
830,108.26130783920104
831,91.82993471134259
834,112.51719885009652
839,95.01253606926011
841,84.73310744852736
844,104.35469847664733
845,94.59572189044835
848,93.41366706627956
850,98.66171611940854
851,103.51645486037704
852,94.45087623757793
854,93.463749318882
855,95.80310028408903
856,102.50064147345678
859,102.93711553116843
861,112.95478608636756
864,94.30707989231898
865,112.68605620497974
866,92.91670558241701
867,93.85743582698991
869,93.98546804778421
871,93.58381883971714
872,111.6092637266852
882,102.52642365576963
883,94.32291493467595
885,95.28401091381701
888,95.41330732725024
893,110.86930046476137
901,111.10837543203736
903,104.08372328963732
904,93.39390938925109
905,104.27625078287436
910,95.24387303744821
911,112.55177109700458
914,112.8619568339851
918,111.97708565440067
921,91.70471322853959
928,94.81169712335932
929,104.06819331216126
932,95.87835300196464
933,103.15303749637367
934,95.24387303744821
935,113.55103707689398
937,80.25846743113759
939,94.66733621052722
940,102.49444742864833
941,95.28645793103126
942,102.17208748274106
943,93.59894224079255
944,103.41178570502704
947,111.6092637266852
949,113.67727548477293
951,112.40408088015693
952,96.51219833915938
953,104.08372328963732
954,78.95621355722756
957,112.363127108513
959,91.81992860902233
960,111.46199782960703
963,117.06521563833257
965,111.6092637266852
967,103.22715308385033
971,94.80561783825476
972,77.28953798221092
973,94.3557776778776
974,112.54217517011459
975,94.1199675558169
978,105.3217994535863
980,112.31595738007015
981,94.16211610740261
984,112.8619568339851
986,95.24387303744821
988,92.62191819422476
989,112.72800883853476
990,103.65681500145406
992,111.10837543203736
996,95.07299139052063
999,112.76672688203588
1000,93.6161670478527
1001,112.68605620497974
1002,92.1202457228053
1003,112.09680897172281
1004,91.93855478768023
1008,111.7805260913955
1009,95.48626692917674
1010,105.23579024219286
1012,111.82935279091718
1013,93.612923456058
1014,112.87290455568534
1015,93.74286168837487
1016,116.4445349143976
1019,94.88098555000367
1020,112.16560052768921
1021,95.24387303744821
1022,103.76031454342606
1024,95.24387303744821
1025,82.83427303651497
1027,93.67242505669448
1028,104.34839736653878
1029,94.74533373754178
1030,95.59633898327357
1033,112.61173377789423
1036,91.40076451501403
1037,111.73070385472677
1038,92.60290337033406
1042,94.66733621052722
1043,103.15263519404596
1044,94.38250202073255
1045,112.99786629799779
1047,113.4700916066775
1050,94.89567524201281
1051,111.09420223910249
1054,93.9480561195568
1056,94.16211610740261
1057,94.61060186677526
1059,94.4183979255273
1062,94.53324872059659
1063,102.98435100887545
1064,94.16211610740261
1066,94.0735761630385
1070,103.7237934204711
1076,112.36367817260877
1077,95.35553175023668
1078,113.0258782909137
1080,114.57928679271055
1082,107.3640435550482
1083,94.16207237889238
1089,105.52262011995046
1091,95.41330732725024
1093,94.52222271280472
1097,94.82296774588563
1099,93.90550296793879
1101,95.24387303744821
1103,94.93869181012784
1104,111.72474557336618
1106,110.72715252665122
1109,92.2187428389183
1110,111.38813896756307
1111,95.49944646587645
1112,113.97911291512636
1114,94.34923865924918
1116,94.51540470976722
1117,113.49336811105401
1120,92.77306249294459
1124,111.7397669777685
1125,93.68912115095762
1126,114.04307699816226
1134,112.66761198493849
1137,94.36584643489259
1138,112.18463990053624
1144,111.56329586006554
1145,94.83923456160983
1146,93.03329041405698
1148,95.03663222250397
1150,92.94298855713653
1152,104.35469847664733
1153,94.18934905417973
1154,104.45773008765671
1155,94.31888431848162
1157,94.32161979443337
1162,94.66733621052722
1165,112.09680897172281
1166,94.3100129563444
1167,104.00936125732146
1168,95.49858384239454
1169,102.93711553116843
1171,116.92854957457025
1172,95.15350595266948
1173,102.93711553116843
1174,94.28596141237226
1176,95.14640432898334
1177,103.56934186886026
1178,94.27189664967133
1182,112.55133252953965
1186,95.295198908213
1187,114.09083715244546
1188,94.11852271060212
1189,117.15032142615888
1191,105.48477802015779
1192,94.51883226300673
1197,112.39977352198927
1198,93.96599807096247
1200,77.28953798221092
1201,94.3386925571759
1203,94.86083391127748
1209,117.06521563833257
1214,104.15913392535352
1218,112.04070632662962
1222,94.6091996898954
1226,94.20016459463609
1228,94.47482463945968
1230,94.64936767008687
1232,78.89745331193605
1233,94.19082742537147
1236,113.02182180031686
1238,94.17732850514838
1241,111.56329586006554
1244,106.08781406958938
1246,95.07060115572293
1247,113.0334973484461
1250,114.61334790081028
1251,94.48224879610665
1254,111.97708565440067
1255,95.11931727237116
1256,109.83520358199627
1257,94.5051711030046
1258,95.69163843744643
1259,111.78413738525114
1260,94.78633055039994
1263,111.49619909571835
1267,78.33656568150664
1268,111.78598850218238
1271,94.16025290699221
1272,110.86930046476137
1274,105.56260811442614
1275,94.66733621052722
1276,111.09420223910249
1277,92.9076216711189
1279,93.03329041405698
1281,96.69886484186944
1282,94.11852271060212
1283,113.43221012969113
1285,111.73378295406744
1286,94.50429623623639
1289,112.66951746947011
1296,112.37589231420696
1299,92.93595947411916
1301,95.07299139052063
1306,91.74193685406215
1307,93.99167557558904
1308,91.42945984264252
1313,111.09420223910249
1314,94.98929212507143
1315,111.38813896756307
1316,93.34137773264457
1317,110.99098960716245
1319,93.58713679888714
1323,95.04282683144505
1324,104.69311836112446
1325,94.25434736408566
1328,104.23401937475114
1329,94.47320355494278
1330,112.95478608636756
1331,94.89845138112435
1332,102.92499622135573
1337,95.51071731721522
1338,111.98212287712636
1339,93.85187128251546
1340,113.29898010342863
1343,112.88890035969102
1347,104.13868946830773
1348,94.0957211790577
1349,104.88600248582257
1352,93.03329041405698
1354,95.71096619440856
1359,112.53995376942271
1360,95.09099566279684
1363,110.99098960716245
1364,94.16207237889238
1365,103.79985036543385
1366,94.84306298474898
1372,95.19584456737688
1375,105.01371579935994
1376,94.50772275176949
1378,93.45372353914215
1379,112.33461234437785
1380,95.24387303744821
1381,102.93711553116843
1384,109.47336289638763
1387,92.93595947411916
1388,112.74662932287083
1392,81.88279185329856
1394,106.06491826448357
1395,94.34739416868928
1396,111.56612069432303
1398,94.98690271071646
1399,111.56612069432303
1400,93.14082551434542
1401,93.53586931045172
1403,94.57303919690284
1404,107.5053219453976
1406,111.56612069432303
1407,94.22606571637397
1408,111.49619909571835
1410,78.33656568150664
1412,111.6092637266852
1413,94.51513781744686
1415,94.7944263178277
1420,111.49619909571835
1422,112.04070632662962
1423,100.96655826718717
1424,111.49619909571835
1425,95.09846494555593
1426,78.33656568150664
1427,94.86083391127748
1429,91.51719037712509
1430,111.8219054106378
1431,95.56879834066632
1432,101.25349790618829
1434,113.52595267212921
1437,94.75152684543245
1438,104.28950340897356
1440,113.02979479157521
1441,112.21438570348602
1442,94.27189664967133
1444,111.40052723411571
1445,95.09649159666517
1446,103.93257206607743
1448,92.80330684312023
1453,93.62898858753375
1454,111.6092637266852
1455,94.51883226300673
1456,111.77229151743143
1458,111.6092637266852
1459,92.60876289916888
1461,94.22810684199742
1465,92.93595947411916
1466,111.55051729398598
1469,95.04282683144505
1472,93.62898858753375
1474,94.50524039186176
1477,111.359265866306
1479,110.22646785418976
1482,95.46465979244707
1483,78.4388935275303
1487,93.67242505669448
1488,113.14741759650096
1490,112.24225922393525
1492,107.60195744883436
1494,116.05397944475813
1496,104.45994850943642
1497,94.85083586873236
1499,95.74824643438674
1502,94.37578834373808
1507,106.06519199730499
1508,93.03329041405698
1509,110.22646785418976
1511,93.30909117918517
1512,111.46270139506015
1513,115.80805240469725
1514,105.25336277938908
1518,111.68627918464777
1519,91.65620571561315
1522,112.70324248982236
1524,77.28953798221092
1527,94.27189664967133
1529,92.62048006125156
1532,103.93758031507679
1536,111.48722222279393
1537,117.06521563833257
1539,105.85596117001742
1542,112.7307966094196
1543,94.50772275176949
1544,104.8957323297085
1545,84.05521026393096
1550,94.15765080491711
1551,111.5506158679541
1554,104.40769897937595
1556,104.35469847664733
1559,94.5051711030046
1560,76.92187133459169
1562,94.96471577277558
1566,91.95199795425663
1567,111.69759836059967
1569,103.95350849078233
1570,113.76346502460896
1571,112.54041940093768
1574,93.03329041405698
1578,104.1230422824963
1580,91.71218766226748
1583,111.91732946115309
1584,93.03329041405698
1585,111.59390563307088
1586,94.63811010459759
1587,112.09680897172281
1588,91.95213486082703
1590,115.5950320522259
1592,103.56682963457742
1596,108.46658504657348
1598,111.05950658901743
1599,94.50557715448025
1604,107.01592181168922
1606,102.53598717023701
1607,94.51513781744686
1608,104.41901489679455
1609,116.92854957457025
1611,95.13244920309054
1613,94.77100319766623
1616,95.17588420822776
1619,114.02280976317725
1620,94.24649105906049
1621,111.57651173640366
1622,94.47177532024851
1625,111.10837543203736
1627,116.92854957457025
1629,111.94770617624557
1634,94.92256992463197
1636,94.76561547972085
1638,103.88999734201656
1639,94.00490961217851
1641,94.74100879966852
1643,93.96623650376698
1644,103.36999369967232
1645,117.15032142615888
1646,94.78598692638289
1647,104.98032654572566
1648,94.40654039467641
1652,91.71218766226748
1653,112.83505643936289
1656,94.73244156562994
1658,94.50557715448025
1659,111.45480253572312
1661,95.48697220828117
1663,94.51513781744686
1664,112.6514894954434
1665,94.16025290699221
1666,104.35469847664733
1667,102.93459823050172
1668,78.0630678073873
1669,103.81169612056756
1670,93.83805146025416
1672,112.19412529013093
1674,112.87290455568534
1677,113.14741759650096
1678,93.66322866629898
1679,111.83382997770359
1680,95.2412482934482
1683,104.07860524544174
1686,103.83711549586738
1687,112.8806230407165
1689,112.08285898866562
1690,93.89023222899424
1691,116.4445349143976
1692,112.56420078147178
1693,93.03329041405698
1695,94.86066586035895
1696,93.62898858753375
1697,111.50791501954222
1700,104.35469847664733
1701,94.41027095354805
1702,112.30317146975025
1703,92.31835764856565
1704,114.25775796675774
1706,94.97323968464717
1707,112.8619568339851
1708,94.78541687871056
1710,94.49887802079907
1711,103.53860318388605
1713,104.09807128557958
1717,103.61555474303063
1719,104.1230422824963
1720,94.12053856940435
1722,94.42923047163792
1725,103.87755908919807
1726,93.9396618907849
1727,104.57498613583614
1729,112.69410459575901
1730,91.74276209392966
1731,113.0268887595424
1733,104.35469847664733
1734,94.53426295854429
1735,112.04070632662962
1738,94.77100319766623
1742,94.4348621782896
1745,112.87290455568534
1747,94.56263191312871
1749,94.42634709980341
1751,93.6684179449967
1752,77.42643216515255
1753,103.35187834701762
1754,94.79378442601937
1755,94.0895551852878
1756,104.12851791945424
1758,112.36177325536487
1759,94.51883226300673
1760,105.33879596511568
1761,111.90988602302762
1762,92.89868869816858
1763,111.78598850218238
1764,96.63319366864015
1766,94.89203337981189
1768,94.61770541974376
1769,78.29952731052407
1771,113.92219010182849
1772,95.06681506725297
1773,103.51962550226538
1774,96.15222883551459
1775,112.42920836280778
1777,111.72507354650955
1779,94.51883226300673
1780,105.51850358685904
1787,92.31835764856565
1788,93.85534917616299
1790,94.1278275481479
1796,111.49854139874583
1801,91.92891015445979
1803,94.40654039467641
1807,112.0123133071151
1809,111.90778404519828
1812,93.98145983786581
1813,112.03671065229908
1814,93.92828570732253
1815,112.12730387500513
1816,94.80989648842119
1818,93.51652171715615
1820,92.10562633818238
1821,113.4700916066775
1822,94.2247802297204
1825,94.32795272626946
1826,103.55876650916738
1828,94.8064573393009
1831,103.24081341919675
1836,104.56724055503979
1837,94.07299100441315
1841,94.50524039186176
1844,102.86058197971998
1848,93.97310630667255
1851,105.85596117001742
1852,94.05969388502228
1853,92.63620686659371
1854,111.3082935376824
1856,94.55757500703056
1859,112.70468529421257
1860,93.95503770683196
1861,79.71420811796375
1863,104.2525117206822
1865,95.28645793103126
1866,105.97081191024762
1867,94.1685585856547
1868,92.20941358127814
1872,93.97145617478938
1879,94.83505238714366
1880,102.85649841352236
1882,94.30154958151091
1885,104.07860524544174
1887,102.88178943820283
1888,94.0690416323975
1890,111.31655158881892
1894,94.68865136032042
1895,102.81524705628227
1896,95.67288606062213
1897,113.2054499159619
1900,112.78778228683464
1901,94.5051711030046
1902,112.84404295933587
1905,94.55237338429998
1906,111.51709211260639
1912,104.08372328963732
1915,93.9286630914511
1916,103.80477169960784
1917,94.3405867735337
1918,103.53249533873172
1920,78.3651165513965
1923,93.31980924713714
1924,105.08551592355646
1925,93.93857128462689
1930,116.92854957457025
1932,111.56612069432303
1933,94.72641478710447
1934,112.54256019831296
1935,94.0583937852708
1940,78.33656568150664
1941,94.15192109121922
1942,111.8827698282093
1943,93.07443675197284
1944,93.07011999573702
1945,106.10644156859341
1948,117.06521563833257
1949,93.52371452906243
1952,94.86894461235923
1954,93.03329041405698
1955,111.49619909571835
1958,92.08640423873015
1959,80.90672869140883
1960,111.78598850218238
1963,94.1363418967367
1965,94.35830578063104
1968,104.34681922937675
1969,94.16207237889238
1971,94.2006706143344
1972,112.70954327678417
1973,92.11456373144327
1975,92.28217037680965
1977,96.43447185162005
1978,94.38027232114621
1979,112.8035167672547
1981,92.86709328118464
1982,114.32757866608196
1987,112.19857919824382
1988,91.95199795425663
1993,96.28500931585243
1997,93.88622034389634
1999,93.74742491131062
2001,94.77100319766623
2002,112.57880565195333
2003,94.41536533808744
2004,79.53782045447353
2006,112.82269001889881
2007,92.84228991212572
2009,105.33879596511568
2010,94.53426295854429
2013,97.94008545097581
2018,83.39276429631832
2022,105.8089092894393
2024,112.66801192189243
2025,94.42529629951599
2026,104.65632940581611
2030,105.09147370431334
2031,93.99172973695084
2032,104.08372328963732
2033,93.61955703435069
2035,93.18826121763605
2036,112.09620053315953
2037,92.55031655346386
2040,94.77100319766623
2043,112.4795194759141
2044,107.09448149688663
2046,102.79778083341309
2054,113.51832099648722
2055,94.72205403451926
2056,105.51850358685904
2059,92.73529629329485
2060,94.5051711030046
2062,92.57057474488558
2063,111.70799251056853
2066,94.68865136032042
2067,112.7104348118609
2072,94.2393009801409
2073,110.77019828686511
2074,93.13276364271462
2075,111.79372963986164
2076,93.43711869982846
2080,93.68407886331421
2082,94.5051711030046
2085,112.25017411973049
2087,111.96592170748436
2091,111.46476364945148
2092,96.22773637290693
2093,105.51850358685904
2098,96.46797549790384
2101,111.78598850218238
2102,93.83255306434688
2103,78.33656568150664
2105,106.5035016018131
2106,94.31888431848162
2107,112.30243356248637
2110,94.3386925571759
2114,94.43249881073137
2115,111.8827698282093
2117,80.94664929787228
2118,95.17051889154622
2119,102.35503542189204
2120,93.9460283868179
2122,92.93595947411916
2123,112.11698813759384
2126,94.18496238403849
2127,103.86689858060998
2128,94.18132245735309
2129,111.253086256981
2132,96.21844108020674
2135,104.56732963756048
2138,96.1702594171349
2139,116.92854957457025
2141,110.33967050616594
2142,93.63171605948334
2146,95.07675619098764
2151,114.98239808073203
2157,104.53764800423214
2159,112.38553357390022
2162,94.31888431848162
2164,116.4445349143976
2167,92.17508301276273
2168,111.87507187093034
2171,91.82931342406582
2173,94.51353432305802
2174,105.19971676430323
2175,94.35415445978067
2178,94.31888431848162
2180,94.77100319766623
2185,111.99691834041386
2189,92.49064989818594
2190,112.7104348118609
2192,103.38081408348782
2194,112.57880565195333
2200,107.3367326013906
2201,93.94748078403603
2203,112.96985655389169
2204,94.48136641487197
2205,112.60904277304654
2209,105.68686775799456
2213,104.00333487175212
2214,94.37578834373808
2215,115.16221148606081
2216,94.15428006032697
2218,93.54314829375853
2219,103.93188083979533
2220,95.09099566279684
2222,92.18756570017341
2223,113.68742753217744
2225,112.07479279649597
2226,93.88960293455659
2230,94.23698948737393
2233,112.04070632662962
2234,112.67285963483398
2235,94.48136641487197
2236,77.43311501994647
2237,95.28864872992249
2240,113.6928608722972
2241,93.4807582389865
2248,103.90532011014191
2249,94.99256629566335
2250,111.52796955164565
2252,112.47905677873557
2253,94.39967634837556
2254,112.03719430902292
2256,78.21568737076988
2258,93.4198699802567
2259,111.76083968055286
2262,94.68865136032042
2265,94.87858173284718
2266,104.94277682354
2269,94.98244759943422
2271,95.67732267085108
2273,92.82306902466588
2274,112.06346382184319
2275,94.70302966055151
2277,95.23830566249049
2279,94.48136641487197
2280,77.3099074859645
2282,94.77100319766623
2283,102.56269233451891
2288,92.54513499912926
2289,112.26947782799796
2291,94.74963970195847
2292,117.30006468554242
2297,95.24387303744821
2298,103.54744733321549
2299,94.55426020947237
2300,112.85225124819615
2301,93.03829122275515
2304,94.72205403451926
2305,102.20405788433615
2306,94.68865136032042
2308,94.36748125112149
2309,110.88705401449148
2311,94.72398870516177
2312,104.74330030759475
2316,102.55438471943451
2321,103.53860318388605
2322,112.51613270944186
2325,104.05721106992176
2326,94.69566322262853
2329,117.30006468554242
2330,94.65650624883894
2331,104.06933391491654
2332,112.7104348118609
2333,94.68865136032042
2334,103.22668764183949
2335,109.83520358199627
2337,111.85513046267666
2338,95.51744242926175
2340,112.7104348118609
2342,95.35275376314235
2345,94.69015850704504
2349,93.50187280898969
2351,78.3651165513965
2352,94.6557348721153
2354,111.49619909571835
2355,112.03750573662877
2357,112.07479279649597
2358,94.51540470976722
2360,95.27593447767704
2361,111.49619909571835
2364,94.27189664967133
2366,94.84387218797733
2369,105.23145465599859
2370,94.7724198210173
2371,112.04070632662962
2373,107.55852345944643
2374,95.02352866910788
2376,112.09680897172281
2378,110.15549341472138
2382,95.53425537553079
2383,92.64324169550821
2386,103.19500682438672
2387,94.49895282577768
2389,94.37591718456594
2390,105.59602871938509
2392,92.44105932848326
2398,112.7104348118609
2399,94.47917324970136
2400,93.80087900279891
2401,112.51822387888303
2402,93.9480561195568
2404,94.43354122825971
2407,109.507281397183
2408,111.63574430521042
2409,111.58395394860922
2412,79.36692789705681
2413,96.48965404829481
2415,95.16626070284617
2420,106.16586121697006
2422,95.19331869655373
2423,102.6550529128612
2426,94.37354671437761
2432,94.62063027439254
2434,91.68517724604418
2435,94.61558058656817
2436,111.68378308351642
2438,109.12343075977394
2440,112.04995940594178
2443,95.41482109420919
2444,93.23237015277563
2447,103.90532011014191
2450,94.96346075004777
2454,94.78112889504092
2455,112.84061794726091
2459,94.68865136032042
2460,111.13255754792709
2463,94.26786478948665
2465,93.74317381245737
2468,78.33656568150664
2469,94.41536533808744
2474,93.67840059528602
2478,94.05262199582982
2480,94.2521895837644
2481,113.6928608722972
2489,94.77100319766623
2490,105.09147370431334
2492,94.0583937852708
2496,94.68865136032042
2497,111.47849116022596
2500,93.8499882062035
2505,94.77100319766623
2507,92.66390393022125
2508,112.60904277304654
2509,94.39756044462622
2510,82.47500677209491
2513,92.58987793692967
2515,94.77100319766623
2518,92.64324169550821
2519,104.76855217241767
2520,92.64324169550821
2521,112.85763625706795
2523,112.08392263472663
2525,94.44334086962617
2529,112.58970113801412
2530,94.57142179932265
2533,109.54476577673606
2535,93.53225236929693
2538,103.18890884190066
2544,107.40589732610434
2553,112.3119767663486
2556,93.88266726284604
2558,92.04586983789368
2559,107.5143374071856
2560,94.32795272626946
2561,112.49798436668189
2562,94.213536232628
2563,112.79773003485946
2564,91.74193685406215
2565,112.04070632662962
2567,105.91384480007721
2572,93.72654106699197
2575,94.78160170403643
2576,112.18022562641339
2577,93.46375952367211
2578,94.37671046548765
2579,112.49660834677155
2580,93.57558825022691
2582,111.10004774549776
2583,92.63025757953491
2587,93.92595229452145
2589,112.49457564900774
2590,94.43669082017682
2591,112.58970113801412
2594,94.36978487476819
2597,94.489525923171
2598,104.31400144501136
2599,95.38220285180424
2600,103.55466632378155
2602,111.48382442149375
2603,93.72654106699197
2604,104.38066343950139
2606,112.02685744975324
2607,77.42643216515255
2608,94.2393009801409
2613,112.60904277304654
2614,92.8126343247494
2615,112.4185984764003
2617,113.53917870026122
2620,92.94298855713653
2623,113.19744160622193
2624,94.54485690675129
2627,112.60904277304654
2629,77.42643216515255
2630,94.55725042178965
2632,93.86318098138152
2636,94.35901203457247
2639,95.74683209175217
2640,104.10169246868111
2642,112.58970113801412
2644,104.56732963756048
2646,110.77022724596121
2647,95.14678696817447
2649,94.12805952029751
2650,103.24661718691792
2652,104.35469847664733
2653,102.7944879411964
2655,104.06550871170008
2657,112.7104348118609
2659,111.56612069432303
2662,93.40772751116397
2663,113.6928608722972
2664,94.78375387351865
2665,103.83301981751082
2670,94.74836253099832
2671,104.37170853005031
2672,94.50358681128019
2675,104.35469847664733
2677,112.42423708562502
2679,112.47088811310725
2683,112.0448492023594
2684,94.31284362890761
2685,94.4446187164515
2688,103.61051553822736
2689,95.48481003390994
2690,102.88967877775464
2693,95.55523055876213
2694,112.42907540970701
2697,105.4957805950856
2699,93.84870743864957
2703,94.04188915082646
2705,103.6370414413819
2709,86.79343358980455
2710,93.5018796406056
2711,113.2528927182335
2712,95.04653688582884
2713,95.40734650186212
2714,112.06658090536673
2715,92.37173017854586
2717,92.69173276138781
2718,109.52571325910462
2720,111.76854525082969
2721,94.08216891546572
2726,95.64360203092686
2728,94.57026191014955
2731,103.20161323518354
2732,111.56329586006554
2734,94.51540470976722
2736,103.62811908467359
2737,94.80196486615061
2738,102.65841807853487
2739,112.6394906322596
2746,93.36634091603827
2749,102.98868520732123
2751,117.15032142615888
2752,103.3632494857936
2753,95.12666947604505
2757,105.33879596511568
2758,94.2662930587432
2759,112.03202666574632
2760,94.0316034442817
2762,112.53096467731116
2764,93.48251886353417
2765,110.21106105250824
2769,113.72196349988955
2771,113.77864621283214
2774,93.5816016017006
2776,93.38308339861854
2777,106.56534342313113
2778,94.5051711030046
2779,112.68946624532278
2782,93.34722154115008
2784,93.50269934941444
2787,93.0974202581485
2789,93.7393497232565
2792,95.15843782478548
2798,95.59002068586456
2799,104.3027195433602
2800,94.14609847286827
2801,81.66481827353165
2802,94.82988150671034
2804,94.18798617596977
2807,103.79985036543385
2808,96.2532666443766
2809,108.29745490431065
2811,118.38429374259451
2812,94.97191249935935
2814,92.85868806262303
2816,94.24916858009851
2817,112.70030670360701
2818,111.43058012063261
2820,113.36093699626595
2821,83.79744557688379
2822,96.21558428607352
2823,102.74339067313964
2824,94.24916858009851
2826,92.60478586888865
2829,94.51225599836246
2834,94.30707989231898
2835,85.37706818722287
2838,95.59527398482462
2839,111.82039702022165
2840,93.22629265576553
2841,112.47453295573932
2842,94.68865136032042
2846,115.17024403771451
2848,95.18654453619244
2849,92.63125736136485
2850,112.06658090536673
2851,94.66733621052722
2853,94.43625856462509
2854,112.58970113801412
2858,111.47645496325076
2861,96.43965443251744
2864,94.0583937852708
2865,113.6928608722972
2866,112.07365154467892
2867,93.62919571743045
2868,113.04393355812007
2870,112.49684989835427
2877,94.08216891546572
2878,112.60904277304654
2880,112.09680897172281
2882,78.31733361481652
2883,94.63465516362157
2884,103.41920045000236
2885,94.48306395204634
2887,94.77100319766623
2888,113.03624971710663
2889,94.44022274831185
2890,104.01246034464306
2891,94.35481550941144
2892,116.4445349143976
2893,93.57369076750967
2898,114.29493241774797
2899,94.97371172215176
2900,112.97876600953279
2901,94.50409238765285
2909,95.23041851829477
2910,112.43633302656463
2911,113.12604229276914
2913,111.74762959966715
2914,97.03480824040871
2918,94.2393009801409
2919,112.5269019134686
2920,93.98093576297869
2921,112.60904277304654
2922,95.61248899832583
2923,103.1151879451073
2925,109.97245936174859
2926,93.55471758960283
2927,113.03491151975776
2929,111.68627918464777
2933,92.5535109566776
2934,113.58927837993134
2936,109.15703015060774
2941,104.50034087473526
2942,93.73757101935706
2943,112.59427488174681
2945,104.31358814965422
2950,92.13783011944389
2951,112.36030716632959
2953,109.87718312087566
2954,96.64051904027549
2955,103.91678113256329
2956,95.43433184376809
2960,95.6150419266156
2962,94.6763701869065
2963,105.60952036345739
2964,103.93257206607743
2966,78.36767416153532
2967,94.71752100025952
2968,113.11828498648437
2969,92.28217037680965
2971,94.08106794132851
2972,95.24387303744821
2974,94.99066587311549
2975,111.59715743374889
2977,116.05397944475813
2980,113.26420710945949
2981,93.84397896488362
2983,95.1222755634177
2984,106.404314290423
2985,117.30006468554242
2986,103.92363911916806
2987,95.24387303744821
2989,94.78160170403643
2990,112.65985576469446
2991,94.17220741051884
2992,78.29952731052407
2995,105.4957805950856
2996,104.1162042137207
3002,114.39787774116947
3004,112.07127813093186
3005,116.92854957457025
3006,93.77992829446981
3010,94.38551446712765
3011,103.56682963457742
3014,93.55471758960283
3015,92.23218178562094
3016,94.75152684543245
3017,107.61632572891979
3018,93.65508403885116
3021,102.48076731980288
3024,104.31400144501136
3028,94.01281566886229
3030,94.5051711030046
3032,94.38403384142417
3039,95.67288606062213
3040,102.70948285615538
3041,95.26725664681122
3043,94.36392015525959
3044,112.11698813759384
3046,112.96249403812557
3055,93.94122933231765
3056,115.27130627780687
3058,92.63620686659371
3059,105.57568245161201
3061,117.06521563833257
3063,103.69558717377865
3066,95.08512272837483
3067,104.31400144501136
3068,77.34747954253412
3069,94.08216891546572
3072,115.80805240469725
3073,112.34365557157253
3074,93.873371680193
3077,92.12260545424556
3082,94.4603643366523
3084,105.4957805950856
3085,112.57528739091126
3088,104.56732963756048
3091,93.66639104734409
3092,113.31508971921461
3093,93.92458209911807
3094,103.20161323518354
3096,112.54256019831296
3097,91.74276209392966
3098,78.31733361481652
3102,116.94118061058906
3106,93.78879206055369
3109,94.0532047075196
3111,92.39593900536342
3112,116.92854957457025
3113,94.93643276363139
3115,94.2393009801409
3116,113.0312043527705
3117,94.06413564633775
3121,111.1273822659421
3122,91.89361582993327
3123,93.8499882062035
3124,105.09147370431334
3125,94.75152684543245
3126,102.56269233451891
3127,116.4445349143976
3129,93.41257297294902
3130,112.97618522755607
3132,104.75979649242541
3134,106.53655013743817
3135,95.1586548063738
3137,79.73146977645551
3138,94.70143585353397
3140,97.27345820664513
3144,112.21959171255445
3145,95.7398891001103
3146,112.4185984764003
3147,94.94255936325109
3148,104.64603954262566
3149,104.03433353844248
3150,112.78626534002699
3151,93.87819269849511
3152,95.45722620073485
3155,94.64663440989217
3156,112.06658090536673
3159,91.75526873956872
3161,95.22827248946444
3162,104.32915349809072
3163,94.33494899594363
3165,103.03489153845815
3172,92.93595947411916
3173,112.64387782636756
3176,94.62039243946833
3177,102.77671372098894
3179,111.59715743374889
3183,94.46328628046857
3186,93.8499882062035
3187,102.5095151644908
3189,113.20737928218358
3190,95.41312537607439
3192,116.4445349143976
3193,92.93595947411916
3194,113.06116994477102
3197,94.16025290699221
3198,95.21188862367346
3200,94.5933973658415
3201,117.25734640424533
3202,95.21188862367346
3204,94.77100319766623
3205,92.48639969275685
3206,112.74113971109567
3208,103.51034364569331
3210,103.30405332906237
3211,94.18865936028479
3212,117.06521563833257
3213,94.83625235360375
3214,111.78598850218238
3216,104.01246034464306
3219,93.85292609943524
3220,110.7241085834759
3221,94.93643276363139
3226,104.55714835475798
3227,95.18673294558062
3228,112.11051302314306
3229,93.86061848291608
3232,78.33656568150664
3233,94.31832404501114
3234,93.7730991853821
3236,95.15074636087247
3238,112.2602106225574
3239,111.14553332412977
3240,92.36371365078523
3247,111.18629894807668
3249,102.8246952147125
3252,113.34339128494838
3253,95.1292819736963
3254,104.54561937459577
3255,94.42020650365384
3256,116.24990714254498
3257,94.07787759514994
3262,94.81771957720737
3263,104.35469847664733
3264,95.43433184376809
3266,112.30576174671894
3267,96.88065785301674
3269,94.77818267592536
3272,117.30006468554242
3274,94.16025290699221
3275,106.35331380634264
3277,96.1702594171349
3279,95.06759183060153
3280,104.26700304166512
3283,93.387281914272
3285,94.77100319766623
3287,96.42070344509592
3288,104.31400144501136
3290,104.47576537121367
3291,94.74838587617273
3298,112.8035167672547
3299,94.18384142412314
3302,108.92171240944344
3303,93.29137719051388
3304,106.39113479209331
3307,94.01281566886229
3309,92.52377332690685
3314,77.43311501994647
3316,113.19849247673451
3317,94.87963217955203
3319,94.6091996898954
3320,113.08401466041886
3321,93.95503770683196
3322,104.32887642666685
3324,92.58403940680961
3326,94.40188366686006
3329,112.63887908408118
3330,91.74193685406215
3331,113.034623688204
3335,116.4445349143976
3337,95.66308726638302
3338,104.65309083605382
3339,94.5820081024882
3340,113.36144795690478
3341,94.16787941565084
3343,93.65527248090203
3346,92.55325320385525
3348,94.22940675911474
3351,104.31400144501136
3352,118.39325939361201
3355,92.23788023346722
3356,112.71425472665203
3358,105.96805828917334
3359,94.05969388502228
3360,109.01459220330197
3371,111.78813428909439
3372,95.03511313121759
3374,95.88266339716971
3377,112.42331694755106
3378,92.25615121938417
3380,103.68487126020017
3382,95.2537782279138
3386,94.49744642385039
3389,111.16880484026719
3391,104.3919441537219
3393,94.55891560695603
3394,103.969321812115
3395,93.45665683119336
3397,112.60904277304654
3398,95.95688555326404
3399,81.26384745747814
3400,94.82296774588563
3404,103.49129718917757
3407,112.22000701263212
3409,102.64875243150276
3419,96.12749116012381
3421,94.36632574257517
3425,94.88807640330343
3427,84.08951297967003
3428,117.30006468554242
3429,112.01548402874477
3431,91.67272012704622
3435,95.03260130584987
3436,111.90279860740411
3439,94.96505149390401
3441,91.91411332203083
3442,117.30006468554242
3443,94.81771957720737
3444,103.36823082105839
3445,93.49805671030248
3446,109.54386400626136
3449,94.5051711030046
3453,94.3320173853745
3457,94.35806868481109
3460,103.70565685767764
3461,96.51720710966214
3462,93.62898858753375
3464,103.69558717377865
3465,77.34747954253412
3466,94.39141429046282
3467,103.25965656459226
3468,95.94017162213645
3469,104.3698174548205
3470,104.31780585374489
3472,112.58970113801412
3473,93.4894294388181
3475,93.53643282205842
3476,112.4185984764003
3478,104.27625078287436
3479,95.48299649749549
3483,93.90779210349923
3484,103.66178287776047
3485,94.89203337981189
3487,94.40978074843925
3488,113.62800731640162
3496,111.4608287866518
3497,95.66751107574865
3499,95.56879834066632
3500,77.3099074859645
3501,94.78160170403643
3504,94.30612766721636
3508,105.51850358685904
3511,91.78392583340069
3512,111.71312941508984
3515,93.7360789093968
3517,93.98740227145767
3518,102.85622359246409
3526,113.11086731580302
3528,109.57401544129652
3529,92.54369964460034
3530,112.32081323689698
3531,94.598892293103
3532,111.97115842781855
3533,94.66619808510919
3534,94.3386925571759
3535,79.13205756092563
3536,94.28384724534429
3537,112.1746882530933
3538,94.11585077476025
3539,111.11957711528788
3540,101.81005820990308
3545,111.65925328833364
3546,92.68071760922095
3550,104.25451407318602
3551,95.22561379036081
3553,94.11535031410122
3554,103.70565685767764
3557,95.28864872992249
3558,112.55747843386645
3559,94.5051711030046
3561,94.52233660283405
3562,112.60904277304654
3563,93.99961016746462
3564,104.31400144501136
3565,93.49805671030248
3567,92.71272219673448
3571,104.31400144501136
3572,94.9932789304633
3574,95.34049092946326
3576,94.93310175543277
3577,112.45532809149067
3578,95.30652916183438
3579,94.07299100441315
3583,94.87712549365685
3585,96.25155593112176
3586,103.62268573284591
3587,111.49854139874583
3593,93.4136005544436
3594,104.54506986546444
3595,95.67288606062213
3599,94.65974640280628
3600,104.56832947615031
3601,112.58970113801412
3602,94.5051711030046
3604,95.40320448072409
3609,116.87509812687651
3610,111.34760007139946
3612,113.31144862507166
3614,113.18474729096442
3615,94.75811041594787
3617,95.56093553191373
3618,112.26301466860723
3619,112.36144706433375
3620,112.3330073889382
3621,94.58334066772306
3625,94.0894766927512
3626,103.73360463802183
3630,103.56682963457742
3631,96.83868711993739
3632,106.16775595985963
3633,95.00813350075055
3634,112.70286887729793
3637,94.04994887104971
3639,94.54485690675129
3640,113.89127794829571
3641,93.95107911385765
3644,112.71425472665203
3645,93.91216824348993
3646,93.30841928127514
3647,93.32695918718869
3648,112.25366223996356
3653,112.67373864586894
3654,93.80087900279891
3655,113.35062487286073
3659,102.53308877053077
3660,95.48572973397158
3662,111.57869983487487
3666,94.60777740033998
3668,94.91115900174293
3671,92.84217603654436
3673,93.03812483541695
3674,112.20547055417245
3675,94.72625287095269
3681,93.39603724299545
3682,112.18022562641339
3686,111.78598850218238
3687,92.55865514262027
3692,81.5733289673216
3695,112.84743815350191
3696,94.03451910911174
3699,113.52119794083342
3705,115.59665896767328
3707,78.33656568150664
3708,94.1278275481479
3709,112.36284935426143
3710,94.30154958151091
3712,95.02833379687563
3715,112.4620911995918
3716,93.70281919989625
3720,112.81986593875641
3722,78.33656568150664
3726,95.05244910022857
3728,92.96197738853698
3729,112.3504816958385
3731,102.90472993123673
3735,112.92190472289633
3736,93.53198307037626
3739,102.74735155861617
3741,111.8307172694025
3743,102.91537766254389
3744,94.1278275481479
3745,112.82277023545318
3746,95.72667348849113
3751,94.51540470976722
3753,94.17399030791304
3760,112.25909764503837
3761,94.51540470976722
3762,113.03883614304411
3763,93.68657528316857
3765,94.78845501461335
3768,112.96191569939917
3769,93.97087101616404
3770,105.25951075011997
3773,111.5882241616243
3774,94.80940894825606
3776,94.20841669743675
3778,93.34707002877826
3779,112.87793409192007
3780,93.13592858994616
3781,111.56009666498682
3782,94.32692075642406
3783,112.58970113801412
3784,93.14176514850953
3786,95.05244910022857
3789,110.09599293308163
3790,94.4149737195472
3793,114.3584411896027
3795,112.09680897172281
3797,95.29281845089966
3798,117.30006468554242
3800,111.90279860740411
3804,95.62704808493949
3810,94.78761293079758
3815,112.81485777521057
3816,95.62704808493949
3818,103.74904816118006
3824,112.58970113801412
3828,104.01295351272833
3830,112.8675038477725
3831,95.37217763911265
3832,77.42643216515255
3834,112.18022562641339
3835,93.66812391221605
3836,113.81987990752833
3838,94.77100319766623
3839,117.06521563833257
3840,113.08959673898873
3845,94.31292788950248
3846,111.56612069432303
3847,93.98740227145767
3849,77.43931744955172
3853,112.94162566729611
3855,105.51850358685904
3856,94.88597788212626
3864,83.960521944226
3865,95.20048222281979
3866,112.24938561823987
3867,94.04188915082646
3868,111.90279860740411
3869,95.38220285180424
3871,93.66481341129894
3875,104.14743962393489
3876,93.73001305516134
3878,94.03139934175513
3879,111.5221906418479
3881,111.90279860740411
3883,113.0182911602943
3884,93.32711066038749
3886,112.87757396009707
3890,95.71649705662651
3893,110.9857617946595
3897,106.0348670622676
3901,93.8073202539155
3902,111.78598850218238
3913,113.45667621290274
3914,93.71082981044299
3916,93.0130677137351
3917,112.15157797971285
3924,105.10917481614906
3925,95.07129166053838
3928,94.44731560727001
3929,113.32505935099184
3932,93.88559601391898
3933,104.01246034464306
3934,81.216699251618
3935,94.0583937852708
3936,94.16025290699221
3937,111.56612069432303
3938,93.2024366135381
3939,113.81987990752833
3943,93.55303665671502
3944,112.58970113801412
3945,112.71317897070455
3946,94.94189684868641
3947,111.90619726781917
3948,94.22727655845205
3949,112.2602106225574
3950,94.56165043421804
3951,111.68085686496977
3952,93.62898858753375
3953,113.07997180144322
3961,113.97431614183179
3962,93.4807582389865
3966,94.3386925571759
3967,103.25314163034581
3968,94.9332716092127
3969,112.09777643262915
3970,95.80310028408903
3971,105.09147370431334
3973,93.52849284822683
3974,112.2602106225574
3975,112.70757350357836
3977,95.84869711509931
3979,113.57722674361096
3985,96.32906040557656
3986,104.1771112077443
3988,113.40598255097676
3991,94.80196486615061
3992,103.99012479237159
3993,94.35693637080632
3994,94.2393009801409
3995,113.1919812649307
4005,114.7042552377624
4007,94.71881694390167
4008,103.35705855241528
4009,94.52062891344809
4010,111.9921781052612
4011,84.75539202148728
4012,93.11338491795468
4013,105.85596117001742
4015,112.96249403812557
4016,113.57102291338283
4018,111.59715743374889
4025,94.16025290699221
4026,112.06658090536673
4028,113.47587948196177
4029,95.37129241789121
4031,94.13155247282197
4032,113.3193276115251
4033,93.48539394382551
4034,103.54744733321549
4037,94.51506222494929
4038,103.42221863375383
4039,94.196422911016
4041,94.27142513260775
4042,110.49091850928394
4043,95.1222755634177
4044,104.01246034464306
4045,94.83839577031802
4046,112.89892946236252
4047,96.27548345001453
4048,106.14217649160338
4049,94.56146853703916
4051,95.53392298028143
4052,112.71215486404168
4058,103.70565685767764
4062,112.06679929525585
4064,112.36790537737764
4067,94.01087093847559
4068,77.3099074859645
4070,94.02658438090626
4072,117.20389495655158
4074,111.62174936582579
4075,93.40434026611199
4076,113.734707485895
4077,94.20189446831334
4078,111.96027755357791
4080,104.01246034464306
4082,111.4163265066814
4085,93.72654106699197
4086,112.28331793741238
4088,112.06658090536673
4089,94.7692171136832
4092,77.3099074859645
4094,94.04897404618433
4095,112.43079696800598
4096,94.41199076438099
4097,102.45593003904372
4102,93.60406292054233
4105,107.79289921973536
4107,112.2052474563442
4111,95.20181911375701
4112,103.33797581306419
4113,94.22074012844524
4114,105.29543386228463
4115,93.93430998597222
4116,114.05016763060883
4117,94.84706586353198
4118,95.21304439316347
4119,111.92233127985367
4120,93.86107551052173
4122,81.8711982039945
4125,94.03338430591235
4126,113.1335539581625
4129,112.09680897172281
4134,113.3606277261083
4137,93.74255113067377
4141,104.91215908167561
4142,95.0324523575601
4144,94.77100319766623
4145,105.10917481614906
4146,96.17184035685499
4150,94.79785930344876
4151,81.08627274523394
4154,94.01087093847559
4156,95.39841425865865
4157,112.02445803602609
4159,113.57102291338283
4160,94.83405967105841
4161,112.87793409192007
4168,94.7490511990396
4171,104.07591365758485
4172,105.53940226294465
4173,94.72886133292002
4175,93.14550470205563
4176,104.01246034464306
4177,94.77100319766623
4178,102.37121450746577
4179,96.64005258357821
4181,112.8079368531087
4183,95.37129241789121
4184,112.99234282491271
4185,93.34216010692391
4186,112.71808429607688
4188,112.59325307872035
4190,112.35364173389233
4192,92.40248136201629
4193,110.56469773429295
4194,113.03491151975776
4195,95.34152260158966
4196,77.42643216515255
4202,95.43433184376809
4203,103.45797866176575
4208,94.45649017022446
4209,113.31289828512693
4210,94.24768239721307
4211,112.68993039781431
4212,117.30006468554242
4214,104.27625078287436
4215,94.94255936325109
4216,112.46241070662465
4217,93.63470038804371
4219,95.64997140717087
4222,111.56612069432303
4224,79.48330792678792
4231,104.28439929893702
4232,95.37129241789121
4234,93.77162082281087
4236,94.77100319766623
4237,104.31400144501136
4240,94.95870453285063
4242,104.95634467512896
4243,94.35100397479447
4247,94.04178410998924
4248,112.70716787617474
4249,92.66947508583938
4254,103.94529458449739
4263,94.41925355755588
4265,112.54723112039838
4267,109.60074039248164
4268,112.86726984706733
4271,113.93528453430345
4272,95.28645793103126
4273,110.99521450858909
4274,92.80172298673381
4276,94.52404274447079
4278,94.87858173284718
4280,94.78858791984256
4281,112.59500112971955
4283,94.20525063414517
4284,111.86873442236545
4285,95.32377910572173
4286,112.86457719630928
4287,93.29175479681155
4288,114.5638287241507
4289,93.3502461824653
4290,79.71586595221086
4293,93.28987140376283
4296,109.14250050645411
4297,94.65071030987058
4299,95.31546515053465
4303,112.04625929266193
4310,95.46057993408243
4312,104.32127103703446
4318,104.31400144501136
4320,110.14640025649662
4322,94.70737015199597
4323,113.23385516886516
4325,104.27625078287436
4326,112.64265691376055
4328,104.8079134753349
4330,104.30803220892862
4332,112.90143738818026
4333,95.44546079769047
4335,94.73370538010693
4336,109.14425776848772
4338,106.6537538310509
4341,93.93358636539912
4342,104.74927017042054
4344,103.70565685767764
4347,94.88901815735446
4348,104.56732963756048
4351,103.31744801735371
4352,94.900334174611
4353,112.2856748080451
4355,103.50571786662057
4356,93.72654106699197
4359,103.56682963457742
4360,95.1222755634177
4361,94.4996766557538
4364,96.64904030635748
4365,104.43434304871232
4368,95.1586548063738
4372,94.40654039467641
4374,91.51719037712509
4376,95.0254385073453
4377,104.1764817045952
4380,94.19740771655648
4383,106.94105875196793
4384,94.87858173284718
4385,103.14955276024568
4389,93.86653234893096
4391,94.15850818926313
4392,112.5063570337294
4393,93.74558287939928
4395,94.3760549124767
4396,112.60904277304654
4398,113.76478382617915
4399,96.4134010387026
4401,92.6075520437719
4406,94.49135582493517
4408,104.29963663090669
4412,104.56732963756048
4415,94.42789031333619
4418,113.82666477080726
4419,91.51719037712509
4420,77.34747954253412
4422,112.58970113801412
4423,91.51719037712509
4425,95.54815752713753
4428,111.63248967634749
4431,109.77665711858549
4434,95.24519997227068
4436,95.24207972984424
4437,110.55292134454623
4439,117.06521563833257
4440,94.32047851960871
4441,112.60885795184424
4444,94.9736997968574
4445,104.27625078287436
4446,94.39526577154868
4447,113.21889643106066
4452,103.61074887325812
4456,113.24181608590062
4457,93.49805671030248
4458,111.82249083141906
4460,93.72654106699197
4461,117.1973356378572
4462,94.8331531612728
4465,103.06293106186311
4466,104.46798441628225
4468,95.6539814766922
4469,104.12086359452402
4472,112.16616378539047
4475,95.2640290946328
4478,93.74545503452666
4479,112.59387347002114
4480,94.71654137445853
4483,83.73863928873163
4484,93.69988033644968
4485,104.50732882868122
4486,95.80310028408903
4488,94.12709289338969
4489,104.51620355855061
4490,94.36507674903828
4491,101.51878821909725
4492,95.37019449182964
4493,104.65059416025059
4494,94.47035816516198
4495,103.23791079700794
4498,79.73146977645551
4499,94.20948696289949
4500,102.74735155861617
4503,112.18171481691239
4505,103.20926052129423
4506,96.82605422585507
4507,94.23942938996123
4508,104.31400144501136
4510,112.09680897172281
4511,92.02867341831342
4513,95.71096619440856
4516,78.36767416153532
4519,94.7074495728385
4521,94.22740848024293
4531,94.42405851637538
4532,77.15065698156126
4533,96.07866023629795
4534,111.61855119284866
4536,104.31400144501136
4537,93.49805671030248
4539,94.6030649476261
4542,103.17750309818534
4545,93.20610951319628
4549,91.70000705812582
4551,95.012933396038
4554,103.8612369929156
4556,112.73813241537292
4559,113.08315658236724
4561,113.43575246340828
4562,111.61811098536262
4566,115.47263164054466
4569,94.74838587617273
4570,112.60904277304654
4573,95.18463996432118
4574,104.37045285233391
4575,94.16165511006281
4577,94.59787415576842
4578,111.56612069432303
4580,112.79432738937399
4582,94.17063092206789
4583,112.58970113801412
4585,94.13609889954729
4587,104.31400144501136
4595,93.47807682405166
4596,113.125031765876
4601,94.88375790804491
4602,112.28810995790793
4603,94.62635073908436
4605,111.52823585691416
4606,94.34329361499974
4607,112.34895914307829
4608,94.97157601618193
4610,95.26806199218575
4613,103.50048099533319
4617,93.1027471081816
4618,111.49619909571835
4619,92.10562633818238
4620,94.78761293079758
4622,91.3481173688913
4625,93.72654106699197
4626,104.31400144501136
4627,94.78541687871056
4629,92.06915111523351
4631,93.22826278328904
4633,104.31400144501136
4634,111.01009880805788
4635,94.05262199582982
4639,94.24945618563359
4640,104.02511438487
4642,103.41920045000236
4644,112.6810546978318
4646,104.31400144501136
4647,94.91062005351452
4648,78.14124560065656
4649,95.10680604631037
4650,114.86549164661328
4655,91.70000705812582
4660,94.04576042794403
4661,114.49048869209432
4662,92.86827256730034
4663,112.71631780083828
4665,94.91469134975902
4666,112.18323042483702
4667,103.52386960535236
4668,93.91682547344499
4670,93.9600088090921
4671,108.14589061877253
4672,94.43246479628176
4673,103.58983671013411
4675,103.69020865059666
4676,93.62369548395627
4677,106.69127052360145
4680,94.62766026289346
4682,94.33725411237936
4683,113.50602891960719
4685,104.56732963756048
4686,94.73247683960152
4688,112.58970113801412
4690,111.6240472588683
4692,114.0685549363559
4693,92.43226904459573
4697,91.70000705812582
4700,113.06236107562883
4702,112.36736672753594
4707,116.4445349143976
4708,93.72654106699197
4710,86.2213716966723
4716,94.51006015905723
4717,94.63465516362157
4718,94.54274722287879
4720,95.67383542020391
4721,82.29520094822172
4723,94.85642729410071
4726,113.15430055973621
4727,92.8212534768202
4729,94.84600109107133
4731,95.13259468663628
4732,113.4693368230519
4735,94.85625561296911
4736,104.17322997599297
4737,94.62635073908436
4738,112.06346382184319
4739,111.56329586006554
4744,104.27625078287436
4747,94.47035816516198
4749,111.57110027760929
4750,93.72654106699197
4752,112.58970113801412
4755,95.1534955213471
4756,102.6248877636641
4757,112.14981907214711
4758,93.474076621163
4759,101.93190062866941
4763,94.63465516362157
4764,103.29580301648184
4765,93.80622517197823
4766,92.979878829919
4767,111.87950284525662
4769,111.62273935261697
4770,94.5669652651869
4771,81.28603434460754
4772,104.31400144501136
4774,113.03491151975776
4776,112.76313360507422
4777,112.5039225741544
4778,97.05287739883173
4780,94.38046226601365
4784,93.93367987390126
4786,94.55218300754028
4787,77.34747954253412
4788,94.65709726827782
4789,112.58970113801412
4791,104.37855572525974
4792,94.62236617442767
4795,112.55132101964047
4796,93.42200551024467
4803,93.61896118942951
4805,95.31870991578313
4807,95.18352739282703
4809,93.15136282143702
4816,95.5531628410005
4817,82.06981351415341
4818,92.81939893397964
4820,94.59572189044835
4821,102.48268239002668
4823,112.31025636510812
4824,94.76573865060139
4825,112.79206505430368
4829,102.734036539221
4830,95.43433184376809
4831,112.42088036775003
4833,105.28041759067293
4836,93.71082981044299
4837,112.58970113801412
4838,92.62428051123199
4840,93.7383923609881
4841,78.21568737076988
4842,92.62522931969414
4843,111.60339155349142
4844,92.34272857202352
4849,103.89837064571239
4851,105.55654269002517
4852,94.70188653123759
4858,93.15389522410743
4860,95.43433184376809
4863,113.37949790937476
4864,94.31367169487118
4865,112.12047258243923
4867,113.26109265534531
4868,93.13243176128324
4869,112.51646218557222
4873,91.86839666079442
4875,95.42342319432126
4876,113.11380049736442
4877,93.02723209314347
4878,111.49619909571835
4880,77.43311501994647
4886,112.6295839650388
4888,103.74295072004092
4889,94.58666888502339
4890,113.34646702664145
4893,95.07573464925913
4895,94.75823330567377
4896,104.55649051147252
4899,94.04897404618433
4901,94.99299912721914
4902,114.06152140912533
4903,94.2125799301773
4904,112.58970113801412
4910,93.5948755366558
4912,92.21631334482932
4915,94.68904584775525
4916,103.55219276297058
4917,94.1709525883604
4920,104.31400144501136
4927,103.41920045000236
4928,93.5362810499626
4931,103.52386960535236
4934,92.65863391016538
4936,94.94237378271632
4939,111.63818798318704
4942,114.4970418838008
4943,95.62704808493949
4944,103.17106207207526
4945,95.2640290946328
4947,110.86930046476137
4948,92.7400077112657
4951,95.18463996432118
4952,112.58970113801412
4953,93.56312101871741
4956,94.2125799301773
4957,113.84148292628468
4958,94.54536118770584
4960,94.62495578186545
4968,94.34918923143266
4969,104.93312380725091
4971,101.93499162155433
4973,113.02901900215392
4975,113.52454371068966
4976,93.98445930927612
4978,92.88126141864042
4979,110.72791929519414
4982,95.57362582669101
4983,112.57586372443588
4984,93.53371365673826
4985,117.1973356378572
4986,92.92464029816726
4987,113.97431614183179
4988,94.9736997968574
4994,94.26462107823544
4995,94.80940894825606
5002,81.99688309983247
5004,94.49859064655719
5005,102.79148428514284
5006,94.77100319766623
5007,103.45391324716822
5009,110.77019828686511
5011,113.02901900215392
5014,96.1702594171349
5015,103.16973049791102
5018,93.9588208818241
5019,112.57066265467289
5020,92.77689689556857
5021,113.02663437394075
5022,94.29346905198223
5023,93.37837800328184
5025,94.80940894825606
5032,94.50000105468449
5034,93.62397472803173
5036,93.13792344100797
5038,95.51950138958439
5039,111.71312941508984
5046,95.31054687682783
5049,112.57066265467289
5051,94.22879098175271
5052,93.53207672040121
5053,113.03491151975776
5054,94.80940894825606
5055,94.0055878922642
5057,93.49805671030248
5059,94.13169488180348
5062,96.34446556550958
5063,113.15869551916683
5065,113.18814409559353
5069,93.43667185809721
5071,95.05390926911709
5074,113.5281013192283
5075,93.55471758960283
5076,112.72130156311756
5077,77.3099074859645
5079,103.4329498765786
5080,93.57679874885169
5081,112.60904277304654
5083,103.19500682438672
5088,104.87934850220306
5089,94.10092870196586
5093,112.53974559567463
5094,103.96776340175327
5095,94.10092870196586
5099,107.45502779426036
5101,111.7255537650458
5103,103.38081408348782
5104,94.78544672275223
5105,111.67292930794336
5107,91.67385807009228
5108,112.351100476322
5109,95.86102062052001
5111,92.79051982466626
5112,111.56329586006554
5113,94.78111464686108
5114,111.7971682487569
5115,94.83405967105841
5118,94.78240378761012
5122,94.80940894825606
5123,78.23603906642042
5125,94.34736679686836
5127,103.7623136291766
5128,95.17192764113402
5129,115.98104923026699
5132,94.77100319766623
5134,113.10095884235064
5135,94.1884003560165
5137,111.97773152582982
5142,93.24234726327197
5143,102.88371190638088
5144,93.95002843079433
5148,92.89151358205665
5149,94.30879904985478
5150,105.10917481614906
5154,77.34747954253412
5155,94.8432117285384
5159,92.55307784500478
5164,94.0408015332089
5165,112.90689291327828
5166,93.32006857908557
5167,111.66526158489422
5169,93.88465769777751
5171,93.02992173726258
5172,112.30317146975025
5176,94.10129760264812
5184,111.17797894457347
5185,93.73328382827648
5186,111.59034754712897
5188,105.97081191024762
5189,112.74792445938412
5190,93.35587710487374
5191,112.90689291327828
5193,112.09680897172281
5196,93.97183704098009
5199,80.94177924707832
5200,104.07591365758485
5203,92.87913319315844
5204,111.78598850218238
5205,92.5122067515351
5207,94.6679838067535
5208,102.59144162625849
5212,96.07771218466085
5214,94.77818267592536
5218,92.89803741245113
5220,94.29490736060305
5222,92.41551364677514
5224,94.94219762553101
5225,104.31400144501136
5227,110.82844295931478
5229,104.1667812589673
5232,92.60939080326317
5233,118.35054111231491
5234,101.91046076542271
5237,112.60904277304654
5239,112.09644422121626
5240,93.48954974087259
5241,112.57066265467289
5244,93.51479890111864
5248,111.78514423314786
5251,93.09377642778581
5253,93.72654106699197
5255,95.81259866482259
5256,104.28793928259826
5257,94.1469858471287
5259,94.82708588357212
5260,112.25135418298436
5266,93.96873607614457
5268,94.5936011406098
5275,112.60904277304654
5276,113.4277687337113
5277,94.45343754869141
5279,94.17998773388823
5280,104.14743962393489
5281,94.47320355494278
5283,95.50649669690354
5284,78.33656568150664
5285,94.80940894825606
5286,102.37870599610484
5287,94.04372352844803
5289,93.85067543664063
5290,112.09680897172281
5292,105.66348115606948
5293,93.78022102307705
5294,101.39193505772441
5297,93.42716407530732
5299,103.58715583738197
5302,94.29366029305042
5305,78.86231374263687
5306,93.83805146025416
5308,94.44745114280727
5309,95.07549537998241
5310,112.2818741637965
5312,111.82677796074775
5316,112.91014176878433
5317,95.06562267273907
5319,77.3099074859645
5320,94.80940894825606
5323,94.66576605927128
5329,112.56321021832434
5331,111.56612069432303
5334,112.5352795038149
5336,112.54217517011459
5338,104.25802673401448
5341,94.84721069144676
5345,94.71039739966383
5348,94.3383792261517
5349,113.5566364099001
5355,107.0957627875655
5356,94.80350155012883
5360,104.59963022362925
5362,112.46614436127425
5364,114.63165408536935
5366,106.55257095437823
5367,94.79320016714229
5368,94.33147830691047
5370,94.80580585219855
5371,77.34747954253412
5373,104.0273265619713
5375,112.60904277304654
5376,92.87913319315844
5378,114.17253355770002
5379,94.79436945990015
5383,93.80927980417918
5384,103.53021124187302
5389,112.49748113430265
5391,77.42643216515255
5393,110.78051530336444
5395,113.85003244912717
5397,111.59164140382546
5398,94.35155397305614
5399,114.9229578641023
5401,116.92854957457025
5402,93.56910921498427
5403,112.93586098404086
5404,93.95406248583802
5407,77.42643216515255
5408,93.1670145312817
5413,109.60124622496127
5414,94.28858199114805
5417,93.84870743864957
5418,105.66348115606948
5420,112.33461234437785
5421,92.76392235281594
5424,94.1098700458955
5425,111.78598850218238
5426,93.2232529417989
5429,111.88377447748364
5431,94.29907036690382
5437,103.09518934611981
5440,92.63802030785692
5444,104.22865400915609
5446,103.20368283976883
5447,95.42055176194985
5451,94.8702236182338
5452,101.62377562696602
5455,101.91046076542271
5456,93.56513828539889
5458,93.62272545865214
5459,112.46350307365658
5460,94.6380260059091
5462,93.9396618907849
5463,112.47113553250821
5464,94.2168991134794
5465,116.36669390153541
5466,95.56879834066632
5467,103.53860318388605
5468,95.65108859195651
5469,112.71631780083828
5472,94.11850018686202
5474,92.79416596372296
5475,112.98438466555876
5476,94.72886133292002
5479,103.91599852210175
5480,112.71215486404168
5482,111.76665593515938
5485,93.46457861326789
5486,116.92854957457025
5488,81.32049735178153
5495,104.1667812589673
5496,94.14446439353357
5497,111.4608287866518
5499,112.30237139106936
5503,92.52017424513333
5504,94.42384391925344
5507,94.72886133292002
5509,94.89863385870908
5511,93.4819322762191
5512,111.70525530356635
5516,112.25366223996356
5517,94.47744308219352
5518,103.96776340175327
5521,94.18298677401059
5522,104.15458247582225
5527,95.80310028408903
5528,94.26462107823544
5529,112.31248693121098
5532,95.35752740502102
5533,113.02057848944806
5535,104.26924544691403
5536,95.18351890233238
5540,94.61693461687842
5547,94.33326073833189
5548,112.32081323689698
5550,78.31733361481652
5551,93.4399509704972
5554,112.34597251042435
5555,93.78597950907155
5559,111.21449320671037
5560,94.65252490392504
5561,113.0312411150056
5562,92.64980789389362
5563,112.33461234437785
5565,85.96444739277163
5566,94.6248755662612
5567,103.66990592735885
5568,93.69070029174416
5572,93.75487007624197
5574,94.9170875449034
5576,94.67029488547651
5579,111.9316911231957
5580,77.88027815120101
5581,94.29959596617257
5583,94.36556411698201
5584,113.28585582936775
5586,113.87024073468875
5587,93.52204318133086
5589,102.74735155861617
5591,102.73476829618674
5592,93.15519488325847
5593,114.79340114512976
5594,93.88254955455253
5595,83.84071562647898
5596,112.58970113801412
5597,112.08678407811827
5598,116.4445349143976
5599,95.2640290946328
5602,113.36775940235442
5603,93.88254955455253
5605,93.72959759181502
5607,94.04897404618433
5608,113.30236111277823
5609,93.28585262509465
5610,93.93430998597222
5612,93.303565542034
5613,112.74792445938412
5614,94.83333339976733
5616,93.263906683173
5621,94.39141429046282
5623,96.3191479023219
5628,112.57880565195333
5629,93.56513828539889
5631,97.04852688197431
5633,94.69603323711743
5638,103.85557940465809
5639,93.85932770900133
5640,105.18713726311464
5645,94.31286737895911
5646,77.15484331525502
5649,93.63019097098848
5653,111.48289625498089
5655,112.71498521083582
5656,94.89137435854775
5658,94.08609871794299
5662,116.92854957457025
5663,93.3509981750516
5667,93.56673871381982
5670,95.2640290946328
5671,102.74735155861617
5672,94.080429652498
5673,103.88787912096437
5674,94.52404274447079
5675,104.51347390900112
5676,94.68865136032042
5679,112.71215486404168
5683,111.64474470989639
5687,93.67242505669448
5688,77.3099074859645
5690,93.76279994893895
5691,112.73847940618917
5692,92.91581821075475
5693,112.07370020172357
5694,93.65884183288723
5697,112.73994000578551
5698,94.24179721395039
5699,112.2602106225574
5704,93.65884424043008
5707,112.71215486404168
5709,103.38580279202755
5710,94.02863988839748
5714,94.1392614077125
5718,94.59410417540963
5721,94.6182337523824
5723,95.00623033847683
5724,113.18814409559353
5725,93.72654106699197
5726,112.50883765094649
5729,95.57512484500454
5730,104.15560632934223
5731,93.65884424043008
5733,78.3651165513965
5736,94.33198988542786
5741,104.41837352690277
5745,112.31426485430315
5747,94.37389807579832
5748,103.78083631552582
5750,113.23336131890062
5751,94.87681404575312
5752,93.56513828539889
5754,93.30576827836259
5755,93.76217931571355
5757,95.34074432878064
5758,116.05397944475813
5760,104.7564073289705
5762,103.77839821514956
5766,111.3690446878722
5768,95.62704808493949
5769,118.35054111231491
5770,93.7819971460798
5771,111.6804344097595
5772,93.15564399976203
5773,109.98548036756469
5774,94.51682332709674
5776,92.74019106440161
5777,112.2602106225574
5778,93.65318207639604
5780,111.71312941508984
5782,94.26235181037293
5783,77.29622083700484
5784,95.43433184376809
5786,94.52403609421951
5788,94.55886795441492
5789,112.2856748080451
5790,95.2640290946328
5791,104.1667812589673
5793,102.06240974299128
5794,93.88037476828296
5796,117.06521563833257
5797,94.17363966060059
5801,93.85534917616299
5803,93.67242505669448
5804,112.67912266057726
5805,93.12195163519206
5806,77.43311501994647
5808,112.55132101964047
5813,93.9480561195568
5815,94.63920417742159
5816,103.57576389953704
5822,93.7993913922568
5823,112.25366223996356
5825,102.80050579444367
5827,113.46283833513787
5829,102.74735155861617
5830,95.79979988283885
5831,112.43375380029794
5832,94.85127474847258
5833,112.55132101964047
5837,113.24459106593656
5838,95.28687609875374
5839,94.64720042729539
5842,105.18713726311464
5844,112.16251944431085
5845,104.14261344838309
5846,110.4892383904148
5848,78.34393013827759
5850,112.55960920999941
5851,92.06080991273903
5853,95.62704808493949
5854,104.17322997599297
5858,105.18713726311464
5860,112.18393962454016
5864,103.96312848579353
5866,93.71363693172596
5867,112.71215486404168
5868,94.07795191698266
5869,112.61732788469408
5870,94.9639180462866
5871,112.13952493265815
5874,112.90689291327828
5876,113.42365262575905
5877,91.91253757982491
5878,94.51540470976722
5879,112.57066265467289
5880,93.1370689026639
5884,93.16912750899465
5886,111.78598850218238
5890,94.41745346003536
5896,95.37801115325982
5897,104.79933688589986
5898,95.62704808493949
5901,103.54454278233425
5903,113.03491151975776
5906,93.93430998597222
5908,112.71215486404168
5909,93.69796514554048
5910,112.74792445938412
5911,93.9480561195568
5912,114.63165408536935
5914,112.90689291327828
5919,113.02901900215392
5924,94.58265149963026
5926,94.28309166039728
5929,104.37700315322277
5930,95.60108553993466
5932,95.31870991578313
5933,113.0367388009944
5934,94.305503731748
5935,112.87178401379009
5936,94.01116366836709
5937,111.76089128675638
5938,94.27624017114417
5939,108.92982871925257
5942,112.2199808271741
5943,94.07749199988434
5944,102.93301951618237
5946,112.2602106225574
5951,92.84189972249683
5953,103.70301677984993
5954,93.9480561195568
5957,103.86689858060998
5961,94.20929841972237
5962,105.85596117001742
5964,79.63136192100303
5965,94.46582248074225
5968,112.90689291327828
5969,92.29376633973818
5974,94.09959835927043
5975,112.81984247922769
5978,78.21568737076988
5981,103.96776340175327
5982,94.80079050183586
5983,112.73425078160929
5989,108.64895003070876
5991,93.87158042403253
5992,104.41161917360266
5995,95.30917999324048
5996,104.17110230993849
5997,112.14719033617587
5998,94.85152341738947
5999,80.96195720651951
6001,111.85709305653332
6002,92.80728844588396
6003,111.92184822860192
6004,93.9480561195568
6006,114.4995300780857
6007,92.86200807492267
6011,95.480420150423
6012,104.14046017279739
6014,93.9480561195568
6015,103.2965705382451
6016,93.73717645081089
6017,112.1722075077996
6018,95.62704808493949
6024,94.68865136032042
6025,103.82553485714602
6026,112.9213382157945
6028,110.48918949460744
6029,77.16436091227516
6030,94.22513949273066
6036,112.90689291327828
6040,93.12195163519206
6041,113.15430055973621
6042,94.15738082665361
6044,94.08892001495698
6045,104.1667812589673
6047,104.25802673401448
6048,94.20101317150183
6049,112.14840344433716
6051,116.4445349143976
6052,112.43099787678273
6053,92.02867341831342
6054,112.95285252514931
6058,106.57785308136913
6059,95.32483437577038
6062,94.80940894825606
6063,116.4445349143976
6064,102.81607710634974
6065,93.12195163519206
6067,94.77474151090487
6068,112.4507720236399
6070,103.78615695529089
6071,98.1650299095225
6072,111.78598850218238
6080,111.78598850218238
6081,94.25628492238154
6084,105.10917481614906
6087,93.76217931571355
6089,104.16054912503216
6092,111.78598850218238
6094,94.8733191345969
6095,112.58970113801412
6097,115.75668254979709
6100,93.54700323162749
6104,104.25636576346318
6105,94.36748125112149
6106,111.56873064756412
6107,78.23802585127665
6108,93.28207483673057
6109,111.78598850218238
6110,92.60876289916888
6114,111.78598850218238
6116,93.95749189862676
6117,104.41161917360266
6118,94.3896850527941
6123,77.34802600290573
6125,113.03491151975776
6128,110.8668742160968
6130,103.44554267806434
6132,111.33513376027234
6137,77.30734987582568
6139,113.80271409065585
6140,93.95406248583802
6141,115.88493729152133
6142,104.06852440649519
6144,103.72822426132787
6145,94.58034823945462
6146,93.88949595628682
6149,92.75698953479812
6156,94.10325410212297
6159,113.18814409559353
6160,93.95406248583802
6162,103.55824816101638
6164,112.05628850972414
6165,91.79667742803069
6168,77.30734987582568
6169,112.55132101964047
6170,93.76185384715868
6171,111.6809953410587
6172,92.16086390302456
6173,112.2749793147039
6176,95.57512484500454
6177,92.35253971935343
6178,94.59096623412422
6180,94.44669988280903
6181,104.14743962393489
6182,94.64720042729539
6185,93.77495372403467
6186,112.60079495253532
6188,111.32123277087331
6189,94.7589891025328
6192,105.10917481614906
6193,94.06190185931473
6194,104.1667812589673
6195,94.504937833165
6196,116.94118061058906
6197,93.42624680593653
6201,112.5944401262898
6202,93.93430998597222
6203,113.39384419450752
6204,94.31665970390631
6207,117.25734640424533
6209,95.41312537607439
6210,92.71301739826013
6211,112.00834433524042
6213,113.7724196114553
6216,91.61669878642626
6217,93.70482088029397
6219,93.303565542034
6222,77.43311501994647
6223,96.75652073806812
6235,94.72886133292002
6240,93.81569590858713
6242,93.80078841699353
6247,94.52404274447079
6251,111.90066278293882
6254,112.67560172208385
6255,94.67609420428393
6260,103.09518934611981
6261,93.65884424043008
6262,105.9869949848615
6264,112.56759503096728
6269,104.21766247255401
6271,107.08348024387902
6275,111.12227068610925
6276,93.93411489697289
6278,94.40293375753038
6279,112.31426485430315
6281,113.51562221033869
6284,92.86067796083066
6286,93.92468638316608
6287,78.95621355722756
6288,94.08216891546572
6292,93.1801332908665
6293,93.67611697737992
6295,93.85209479094257
6298,114.17253355770002
6300,110.94748487055935
6304,103.92254690469558
6308,113.57102291338283
6310,94.42160887119552
6312,111.78598850218238
6320,93.65884424043008
6324,93.99831308073821
6325,112.7988792869634
6330,94.55218300754028
6336,112.00432339770762
6340,107.0533390632963
6341,94.72886133292002
6342,103.80474644882003
6344,93.39041870562212
6345,113.56651848008543
6347,112.32081323689698
6348,94.52825706593862
6349,114.17253355770002
6351,77.34747954253412
6353,113.60134090556161
6354,93.4399509704972
6357,94.09134213473014
6358,104.00487797290658
6360,103.12633285204984
6363,112.57880565195333
6364,92.02867341831342
6368,112.4892644246101
6370,92.96952453242291
6371,94.01170485547563
6377,92.76422605651437
6379,95.46298286976507
6381,94.84297833528834
6382,77.34747954253412
6383,112.32081323689698
6388,113.79316262949531
6390,111.8389680100388
6392,102.74735155861617
6393,96.17425345780713
6395,94.3070346790794
6398,102.90851770581114
6401,77.43311501994647
6402,93.82123613779926
6403,112.54256019831296
6405,94.83000616973413
6406,92.29284644069183
6407,112.2602106225574
6409,104.15458247582225
6411,93.23212176685698
6413,94.60839397185507
6416,105.42448167610324
6417,94.75050483265451
6418,95.53392298028143
6419,118.39325939361201
6420,111.96297313508568
6426,112.22469239808424
6429,91.74794320130157
6430,93.99172973695084
6431,112.54256019831296
6432,95.41312537607439
6434,96.67426213701962
6437,112.71498521083582
6438,94.38874329716185
6439,102.87573497964131
6440,94.51957676394481
6441,94.93406852195804
6442,111.78598850218238
6443,93.98087224072474
6445,94.37389807579832
6448,112.71215486404168
6450,112.24567831139296
6453,94.79088263783132
6455,93.78771091086828
6457,93.93430998597222
6458,111.6996970620635
6461,93.65884183288723
6464,112.55133252953965
6467,94.15392672435568
6469,95.19873718384791
6470,82.14116314050005
6471,93.95406248583802
6473,102.82739628230163
6474,94.05076444837766
6479,93.95503770683196
6481,95.23957553352656
6484,112.45443140883845
6495,95.22375881767677
6496,112.06048836135565
6505,111.01492971710174
6506,94.54902441155215
6508,95.57512484500454
6509,94.24483723795308
6510,103.91599852210175
6512,103.86689858060998
6513,93.65884424043008
6514,113.23383613966877
6515,94.40473036435489
6519,94.43443405977757
6521,93.89163465158681
6523,78.31733361481652
6525,105.18713726311464
6526,94.21518074895634
6528,94.61072408005603
6529,112.02712188258302
6531,103.77813214357016
6533,105.10917481614906
6534,94.02756406212485
6535,112.2602106225574
6536,91.68868788217392
6537,113.31714368961796
6540,95.0033855163136
6541,112.32081323689698
6547,94.21518074895634
6548,112.16061800713176
6551,113.02166500289613
6553,110.44876925006183
6555,105.10917481614906
6556,94.72886133292002
6561,78.37904021572518
6564,93.10849818338471
6565,112.2602106225574
6568,94.37467846871425
6569,111.78598850218238
6573,102.48143199428007
6574,94.62240887448773
6577,112.5402374903888
6579,112.57880565195333
6581,92.28295388850351
6582,113.11380049736442
6585,103.60943956127794
6586,94.67482215735876
6589,104.15993469132736
6590,78.44557638232422
6593,94.94101287651056
6594,112.60976392220898
6595,91.86647954789629
6599,91.92145276913841
6600,94.44319244881258
6601,114.44673705182699
6602,92.02867341831342
6603,112.71215486404168
6604,93.76185384715868
6607,103.5781860181897
6608,104.6691812216518
6609,93.9396618907849
6611,93.51447772188855
6613,111.78598850218238
6614,94.3838162762836
6616,93.85067543664063
6617,111.78598850218238
6618,93.9480561195568
6619,103.46484383976973
6621,105.10917481614906
6627,104.22588911562103
6629,111.09542340940763
6631,78.34393013827759
6634,95.03520641818653
6636,94.11156578689886
6638,94.37467846871425
6639,111.78598850218238
6641,112.25366223996356
6642,94.08830002797274
6651,115.5950320522259
6654,80.13246474768609
6657,96.02329263539522
6663,93.20081592177533
6665,110.09599293308163
6666,94.46092201805216
6668,93.9480561195568
6669,105.66817692137683
6670,94.57996182257344
6671,93.78562043197797
6673,94.08216891546572
6675,95.00777642293511
6676,77.34747954253412
6677,94.60695647467831
6679,95.20612109616305
6680,113.36648954176319
6681,103.91599852210175
6685,104.1667812589673
6688,94.17490501988662
6689,91.26412717152594
6690,111.59266457226876
6692,111.78598850218238
6693,93.27522318271902
6694,94.6679838067535
6698,118.35054111231491
6699,93.24234726327197
6700,111.26184696614341
6701,93.93430998597222
6702,112.98937843071154
6704,91.26412717152594
6707,110.44876925006183
6712,113.02901900215392
6713,93.6323601873279
6715,94.9037722793536
6721,111.96321478287129
6722,93.303565542034
6723,112.83152234242156
6724,94.02005265076278
6725,116.92854957457025
6731,112.57427272000773
6735,85.25742233577641
6736,95.1730704284934
6737,105.40149721706383
6738,94.73368083894006
6739,104.35812108995081
6741,103.52144768089677
6743,93.29263888415116
6745,93.9480561195568
6747,111.05126640154238
6749,94.20811893983743
6750,104.25023950043226
6751,116.05397944475813
6752,94.67965807465359
6753,111.78598850218238
6755,111.4886582659619
6756,94.30707989231898
6757,103.41178570502704
6759,112.96213373373008
6761,93.71564342213668
6763,93.95406248583802
6764,118.35054111231491
6765,94.12802130481005
6766,113.15157058807462
6768,114.4995300780857
6771,91.26412717152594
6773,94.11013947552748
6774,93.95251445498695
6778,103.50515011124209
6779,96.65621373842305
6781,91.97597114504815
6784,93.14581418276327
6786,92.85304977266385
6787,113.27834319805146
6790,92.62927005553261
6793,105.32237301741915
6795,111.78598850218238
6798,113.17581659501005
6806,104.91441391852621
6807,94.48324754543552
6810,93.43667185809721
6815,112.49591009489188
6816,93.30909117918517
6817,103.75624528791224
6818,95.41425841015096
6819,104.25802673401448
6820,93.99197084094561
6822,93.18134311448041
6823,116.4445349143976
6824,112.55132101964047
6825,93.67839321626097
6828,78.24315751980005
6829,113.04799052131317
6831,110.93656384523693
6832,94.03315537546838
6833,112.23534250761762
6834,93.95406248583802
6836,94.97684964274004
6837,113.02901900215392
6838,91.58626269865091
6840,104.8872861762862
6843,92.2168783352849
6845,92.25338463263115
6846,93.2006425455824
6847,111.56548191058798
6851,112.86044365081021
6852,93.59904730575393
6853,110.50842029768978
6858,95.81206263584828
6861,112.54217517011459
6863,114.44673705182699
6864,77.42643216515255
6865,92.84228991212572
6866,112.60904277304654
6867,95.1586548063738
6868,103.4814702710259
6869,95.47425513265541
6870,112.55132101964047
6874,112.46614436127425
6875,94.56838044758356
6877,114.0685549363559
6878,92.37568807674118
6880,94.18132245735309
6883,112.76110178812688
6884,94.70152775304297
6886,94.50895153205289
6890,95.03078473720491
6893,111.62499551231748
6894,92.92469909847362
6899,114.0685549363559
6900,93.12823228898881
6904,95.71914466531656
6905,113.17557106023767
6906,93.70673442552057
6910,93.12157835273108
6912,104.77940750909475
6913,113.5671387140578
6920,94.13881739860243
6922,94.34396816024375
6923,111.78598850218238
6926,94.48321620731024
6927,110.90574188169161
6928,92.96303565284302
6931,110.1809584584964
6933,93.71173189860941
6936,92.42787710405513
6937,112.60904277304654
6939,108.09895696004386
6941,93.29263888415116
6942,108.14981491004042
6943,93.96691147978139
6944,103.34845644670989
6945,94.64573006018266
6946,112.39060582073996
6947,116.4445349143976
6949,104.56732963756048
6951,104.41925162214257
6953,108.96058361546935
6954,93.93430998597222
6955,113.58659904057693
6963,110.25983392600897
6964,94.63023125337315
6966,94.78134207705219
6968,94.21449513650613
6970,104.14743962393489
6972,108.35025620829424
6976,112.048437977087
6978,112.60904277304654
6981,105.90358649256598
6985,104.07860524544174
6986,94.14017147510808
6987,114.09547060567267
6989,112.28416528026538
6991,116.4445349143976
6993,110.03280072983745
6994,94.55426020947237
6995,114.0685549363559
6996,93.24312835495626
6997,112.90689291327828
6998,81.55283329586402
7001,111.55570037408675
7003,106.10415843900452
7006,94.57062268245139
7008,96.2041438461603
7010,92.60939080326317
7011,94.32223094350078
7012,107.03068089440859
7013,92.85988447791247
7014,112.2182655187797
7017,102.70257110337397
7018,94.56451684875701
7019,92.18506221055667
7023,94.2012743217068
7024,104.01546309804574
7025,93.97805321427998
7026,112.09680897172281
7027,93.7149806716428
7028,110.71436466043507
7030,111.78598850218238
7031,92.98236392172491
7033,113.19170421659423
7036,94.02490680426581
7037,94.02323237935018
7039,93.98740227145767
7044,93.76293230359013
7045,113.02901900215392
7046,96.20827232400161
7049,105.94482178272241
7050,94.207293807306
7051,104.14743962393489
7054,110.29591326972289
7055,94.17358414485936
7057,94.33553202293893
7060,114.0685549363559
7061,95.62704808493949
7063,92.42992570872217
7064,112.47905677873557
7067,94.18132245735309
7071,94.35422675034283
7074,102.85649841352236
7075,94.91373822503554
7078,113.02901900215392
7079,91.26412717152594
7080,113.09231986750713
7081,93.58811792480358
7082,113.03491151975776
7083,94.305503731748
7085,112.72130156311756
7092,104.25802673401448
7094,93.98446702022062
7100,93.19645295123271
7101,113.05881396588362
7102,112.60904277304654
7104,112.28112252212799
7105,95.62704808493949
7106,93.65884424043008
7107,103.46719983399095
7108,79.13205756092563
7109,94.7278707067251
7110,112.60904277304654
7112,94.70510594286125
7113,103.91599852210175
7114,93.77991962852619
7116,112.58970113801412
7117,94.72886133292002
7118,102.61095178190908
7120,94.0819687769578
7121,104.417813507759
7123,103.72293237384154
7124,94.64772768067559
7127,103.49575922082823
7131,103.99414408553136
7132,95.41425841015096
7133,92.25338463263115
7134,113.09414103055627
7135,91.2948382191807
7136,114.03410315257912
7137,93.37800282149009
7141,94.15738082665361
7144,104.15458247582225
7147,112.61040085626188
7148,95.09873265155579
7150,92.67723810688315
7151,94.0819687769578
7152,103.79122451961307
7154,94.41072771695669
7156,94.72257811357255
7157,103.575748853323
7159,116.4445349143976
7161,95.05390926911709
7163,94.19058122084722
7164,104.07613591110342
7167,77.3099074859645
7169,103.7237934204711
7170,94.4399678204995
7173,94.47925242435463
7174,102.88208221389397
7177,112.79836376868074
7178,104.07591365758485
7179,94.01087093847559
7180,78.6338198866833
7181,112.57066265467289
7182,92.44160656999036
7184,93.65884424043008
7185,112.71498521083582
7186,93.08527784257822
7187,116.03450067796074
7188,94.04178410998924
7189,113.28932185702031
7191,102.91875014164289
7193,110.81786038086555
7197,93.33245112892385
7199,94.63815577316731
7200,113.03491151975776
7201,91.2948382191807
7204,93.02421173154494
7207,111.9878291695359
7209,114.44673705182699
7210,94.26943265015277
7211,106.93547905008869
7213,93.75692583168438
7214,112.90689291327828
7216,112.90689291327828
7217,95.18389060167603
7220,113.57102291338283
7224,111.78598850218238
7225,93.73310016205673
7226,112.90689291327828
7227,94.82783711613887
7234,112.71498521083582
7236,85.48575318861685
7239,102.60486881336317
7240,93.83022935053876
7242,113.90931752833974
7244,111.15664494424084
7245,92.78563336254796
7247,112.46709515431587
7248,92.36984488013734
7249,117.1973356378572
7250,113.9149658275319
7251,94.73424571069827
7252,113.57943318048267
7253,77.42643216515255
7256,93.571286437106
7260,93.95406248583802
7261,112.79773745583361
7264,96.0850765667159
7269,113.18814409559353
7270,94.20480838250941
7273,113.57102291338283
7279,92.87660318698836
7281,112.31426485430315
7284,96.01928599667363
7285,113.70764224875336
7286,117.06521563833257
7287,92.42094986864383
7289,93.65884424043008
7292,93.84776086681515
7293,112.71215486404168
7296,94.73792325207101
7297,113.42456954292811
7298,93.48954974087259
7299,113.62813546061165
7301,103.56682963457742
7304,111.47083629626333
7306,109.11020606392337
7308,93.65884424043008
7309,102.76749227464998
7312,94.03581372156815
7313,77.42643216515255
7314,94.40995431255519
7316,93.92159631360947
7319,111.90918119224776
7321,97.20425674748886
7323,94.99900456334987
7324,103.56522886487683
7325,94.94163866318024
7328,102.40863700239197
7330,77.3099074859645
7334,94.8706255577347
7337,112.71498521083582
7338,96.46599372056363
7339,93.59169003612669
7341,92.76840755765319
7342,112.71498521083582
7344,113.87502542147797
7345,111.7033181650486
7347,110.81786038086555
7349,112.31426485430315
7350,94.3171310655115
7353,112.69733274529045
7355,112.98928714243226
7356,93.25522429057128
7357,113.61145788504862
7358,94.55351030798742
7360,93.49089202736788
7363,105.55151281729411
7364,94.68865136032042
7366,96.47762138714383
7368,94.61072408005603
7369,114.5082297496706
7370,93.09631996545546
7373,94.44459314368096
7374,112.20987882378012
7375,94.84721069144676
7377,94.40654039467641
7379,93.41318747896887
7380,116.87509812687651
7382,111.74738262889416
7383,94.35397768492247
7385,94.40293375753038
7386,103.85557940465809
7391,95.51963065732537
7394,95.51191918824601
7396,113.9149658275319
7397,94.88404826113177
7399,93.93857128462689
7400,104.31999949075727
7403,77.30734987582568
7405,112.90339804735615
7408,112.2296560463275
7414,114.20133555264897
7416,103.94177985556236
7417,94.4957874986785
7419,93.97502696012123
7420,100.14288776555802
7421,94.24137222563414
7422,94.77100319766623
7423,103.12969883638164
7425,78.31733361481652
7430,94.26512414082677
7432,94.37389807579832
7433,95.51961602534206
7434,111.32535213792379
7436,110.16598575955437
7437,93.11528242519877
7438,103.17732302114597
7440,105.33879596511568
7441,94.17207804629976
7442,113.41991406138209
7445,113.00437243906833
7446,102.31763249897844
7448,113.30765927726526
7450,101.61218202336191
7451,93.65884424043008
7454,112.35297438723461
7455,92.98624974727758
7457,111.64466986950495
7459,102.73150714510408
7462,93.70409424473156
7464,93.65884424043008
7465,109.98075865314571
7466,93.23490333995856
7467,112.47142498311362
7469,111.823451877063
7472,94.55426020947237
7473,111.78598850218238
7479,94.8706255577347
7480,104.01246034464306
7484,111.06530253946627
7491,93.87158042403253
7494,105.99596136078488
7495,94.21518074895634
7501,93.96592167946783
7503,93.75285531368054
7504,103.91599852210175
7505,93.76185384715868
7508,112.71317897070455
7509,91.70000705812582
7510,77.42643216515255
7511,113.18814409559353
7515,96.301309344727
7516,105.00537873809378
7517,94.14719235269402
7518,104.52483954217801
7519,93.67149739237767
7521,94.60237026003166
7522,102.85649841352236
7524,104.00250189445492
7526,104.13732997349865
7527,94.18487080204021
7528,103.4608272876429
7529,94.18496238403849
7534,112.38711973607786
7537,112.76132447028493
7538,94.81932242553681
7540,94.98389545575208
7541,112.76781148302001
7545,112.32081323689698
7551,114.16256596559052
7553,94.83923456160983
7554,103.26522485294609
7555,95.00007057690503
7561,112.63133773780865
7562,94.05844971355789
7564,94.97111937142397
7565,105.33879596511568
7566,93.79386211131508
7567,111.117736417228
7569,102.52821551249902
7570,94.44452393931562
7571,115.5950320522259
7572,94.90959001489813
7574,102.88808339708429
7578,112.81076339477464
7579,94.9639180462866
7586,93.76905914418587
7587,80.85716228300085
7590,94.21373378234438
7593,111.78598850218238
7594,94.65121137429178
7595,93.79386211131508
7600,93.23439339686651
7601,78.63914429591263
7602,94.21837436987472
7603,112.03872405288999
7604,93.2006425455824
7606,94.022404099375
7608,113.5671387140578
7613,77.34802600290573
7615,111.42788679465555
7616,110.15540318110514
7617,113.03401414362261
7618,94.18487080204021
7619,104.14743962393489
7622,97.42573347984812
7623,102.69269656207398
7624,95.53327236109807
7625,104.39696240403084
7626,94.56642878861734
7627,104.13049069990527
7628,79.84216580788237
7631,104.09139205422228
7632,104.1667812589673
7633,94.82296774588563
7634,105.41774173070353
7635,94.15738082665361
7636,112.90689291327828
7637,112.90689291327828
7639,93.24774182430848
7640,77.3099074859645
7644,113.03491151975776
7645,94.09959835927043
7648,103.79073628842376
7649,96.11031852519135
7650,112.55132101964047
7652,109.98075865314571
7653,93.21141024049277
7655,93.65516734959131
7659,111.5221906418479
7662,96.10218753205439
7664,93.19694267068539
7666,95.3969490238963
7668,95.43881981235293
7669,108.32226479176833
7670,94.83739808531135
7672,94.76148098173073
7673,112.09056512698504
7678,93.866896173405
7679,81.03335736064662
7680,105.10917481614906
7683,92.2168783352849
7685,117.06521563833257
7688,94.56451684875701
7690,109.54610737790198
7692,93.6363824918734
7693,94.77543526429562
7695,112.71498521083582
7696,94.03657821225895
7698,95.00180342259507
7699,112.97529820585974
7702,93.05594311876887
7703,112.90689291327828
7704,95.27264515051203
7707,113.18814409559353
7713,78.33724728348366
7715,103.5105596607312
7717,111.75529668177404
7718,94.3897016276005
7719,104.89850188339544
7721,106.71404044935419
7722,95.1586548063738
7725,102.82760474754815
7727,103.11462906881549
7730,79.11704044770045
7733,91.8011931308635
7735,102.89345670325334
7740,112.90689291327828
7741,111.85937121292812
7742,92.92469909847362
7744,110.95820967384576
7747,93.98446702022062
7750,78.32815320863477
7752,111.5221906418479
7754,112.43101162184067
7756,106.11781998076634
7757,94.96471577277558
7758,105.16836111974469
7760,105.10917481614906
7761,94.04768021770309
7763,112.16296288148767
7765,94.72205403451926
7767,112.90689291327828
7768,94.05275768387702
7771,93.3425502919966
7773,92.69181423768786
7774,112.34253567219126
7776,105.82678168399508
7779,93.80927980417918
7783,91.89447281505703
7786,104.63800329180201
7787,95.04460963822265
7789,95.00547893424869
7791,94.50073118409772
7793,93.98446702022062
7794,111.36574998618266
7795,93.46103639518849
7799,77.34802600290573
7800,109.14867346550926
7802,100.42979187792861
7805,111.11026281545233
7807,102.96086211562103
7808,94.56603039888321
7811,104.56732963756048
7817,110.15540318110514
7818,104.1667812589673
7819,93.9480561195568
7822,94.27129532317187
7823,113.53932066930578
7825,112.48073852342267
7828,93.25395620854225
7832,93.95406248583802
7833,78.36767416153532
7834,111.59034754712897
7835,95.04198259461525
7837,93.61830993022517
7840,93.8438414638457
7842,93.95669860205629
7843,113.39223152225634
7844,93.32730167834247
7846,94.04768021770309
7850,94.75484883717895
7853,112.25366223996356
7855,113.5671387140578
7858,95.04475413158872
7863,111.76872850124981
7865,113.02901900215392
7866,92.91487605419829
7868,91.92521958654214
7869,112.38784185474859
7871,77.3099074859645
7872,103.60531832493122
7874,102.94902889961142
7877,113.87024073468875
7878,94.09959835927043
7879,111.6459047280776
7881,93.45373462314934
7883,95.19608249402344
7885,101.3244711526404
7886,94.83923456160983
7889,95.09551245302957
7890,106.00763963356496
7891,94.74864444229554
7893,93.92468638316608
7894,104.09603606779905
7896,112.55132101964047
7898,103.38081408348782
7901,95.07364291362916
7902,110.81786038086555
7904,112.44053447822346
7905,94.4996766557538
7906,110.3100605987269
7909,93.9480561195568
7910,103.61004667954782
7913,93.92908721644112
7918,113.04836063718633
7919,91.2948382191807
7923,93.22544814288007
7925,94.04768021770309
7927,92.25338463263115
7930,96.44689611513023
7932,94.49581911985611
7933,94.54702558639589
7935,94.23364004822386
7939,103.11770451336578
7942,92.34695726263016
7943,109.40959949323299
7945,104.98133957599603
7946,94.61072408005603
7948,94.21575691363518
7949,111.78598850218238
7950,93.1577113373962
7951,112.90689291327828
7955,102.68063311794666
7959,94.68865136032042
7960,112.90689291327828
7961,94.1814676883744
7962,103.53860318388605
7964,103.90420796658687
7965,93.71363693172596
7966,113.03491151975776
7967,103.35193390995684
7968,94.59707425791665
7971,103.90832884701886
7974,91.2948382191807
7976,104.08206705498158
7978,112.1358843105537
7982,112.90689291327828
7983,93.9480561195568
7984,104.25802673401448
7986,93.95002843079433
7989,111.78598850218238
7991,110.81786038086555
7992,111.97221111161309
7993,91.99426019651115
7994,112.60904277304654
7995,93.95406248583802
7997,94.62326319228794
7998,104.25802673401448
7999,110.15540318110514
8002,93.96612250049195
8007,93.82151168745001
8009,96.37688330247711
8011,94.27195573127571
8013,94.38631361989852
8015,104.50350815607634
8017,112.55356555422817
8019,117.06521563833257
8023,95.04593716117702
8024,112.71498521083582
8026,113.02166500289613
8027,93.8579601444022
8029,94.19058122084722
8030,114.08649816148578
8031,92.07985165770755
8033,93.58013769580626
8035,96.53894654276465
8036,103.48464593317831
8039,104.2525117206822
8042,92.02867341831342
8044,93.86368781673394
8046,78.96705758885474
8048,113.54676592079352
8049,94.4996766557538
8050,104.46534447005257
8053,95.30695023418068
8054,94.21837436987472
8059,93.71040553663462
8061,93.76115816526612
8062,113.06930992070268
8064,113.57102291338283
8066,105.55047129736745
8067,94.26462107823544
8068,94.65974640280628
8070,94.9565037037426
8071,112.71215486404168
8072,92.60102501939055
8076,93.70631223863077
8080,93.16100856281092
8081,112.52890006743208
8084,94.68166353463907
8087,112.65836249294034
8089,91.73952505554877
8090,118.35054111231491
8091,103.70565685767764
8094,114.91535854479824
8100,92.61802617779557
8101,94.53401101211065
8110,93.92762219768115
8111,110.81786038086555
8112,94.49107592890572
8115,107.88075105185682
8116,96.1485673705584
8118,113.57102291338283
8121,118.39325939361201
8125,111.88993675116815
8127,112.92116024618561
8128,93.19446851089685
8129,110.25983392600897
8131,92.30126715532796
8138,94.47318356231249
8139,104.13159865016537
8140,93.43711869982846
8141,92.69181423768786
8142,112.38957500244851
8143,111.03994722559048
8145,113.02166500289613
8146,92.64147030055003
8148,114.44673705182699
8153,112.4507720236399
8154,92.61700476602618
8155,112.29037539161291
8161,93.61250241970029
8162,113.27688639027053
8163,91.70000705812582
8166,111.64466986950495
8168,112.58558398084891
8170,91.41840469939456
8172,110.81786038086555
8173,91.2948382191807
8176,104.50386794998523
8179,93.63797897275742
8181,93.9396618907849
8182,116.8079378398579
8184,112.18382605309935
8190,105.10917481614906
8191,94.47234921255998
8194,111.84683993331859
8196,109.78808912904236
8198,112.65899500731847
8199,112.25366223996356
8201,113.52657694517828
8202,93.37242051349554
8207,93.71363693172596
8208,110.25983392600897
8211,112.66180848119885
8214,111.12618732565213
8217,94.22652621559608
8218,111.13029686080692
8222,94.76100261241054
8229,105.40149721706383
8231,94.21378204648124
8233,94.60503643910378
8236,94.58180261061301
8238,112.71498521083582
8240,102.86058197971998
8243,101.78457699946294
8246,113.18613146096955
8250,93.01161609295761
8254,95.1586548063738
8256,77.3099074859645
8257,111.36685692134223
8258,93.56132037396333
8260,94.56451684875701
8261,113.93876283374874
8263,112.57880565195333
8264,94.5719556464097
8267,112.36735086035954
8268,92.42094986864383
8271,92.70112037565258
8272,110.25983392600897
8275,94.8740770264331
8276,93.73972275628145
8277,103.12620568777318
8278,116.4445349143976
8279,93.89620259079598
8280,111.97067472089566
8281,94.6182337523824
8282,110.10456073983109
8287,114.04679607693792
8288,91.2948382191807
8289,112.70855694308047
8294,93.7467067293368
8296,92.69833308455459
8299,110.655848995749
8302,104.15458247582225
8308,113.00513961790513
8314,103.51645486037704
8315,95.58056326985218
8316,107.691296523105
8317,93.6451077098331
8319,112.09523445581486
8320,91.57451047603168
8321,117.30006468554242
8323,94.05002927838899
8325,94.72140881602839
8326,112.0128281264537
8328,110.81786038086555
8330,109.19111585752664
8331,93.93430998597222
8332,113.69943515389474
8334,94.28713218863103
8338,91.70000705812582
8339,94.04372191863075
8341,92.80523130655396
8345,112.2602106225574
8346,93.9396618907849
8347,103.41920045000236
8349,94.20841669743675
8351,93.61250241970029
8352,113.04064033399203
8353,110.81786038086555
8355,113.33843751577771
8358,110.15540318110514
8359,109.19111585752664
8360,93.61838724282791
8361,113.26652731400377
8363,103.83364703135855
8364,94.63178139992527
8365,94.38046965495354
8366,103.91599852210175
8370,112.24755362438633
8372,93.60541752434243
8376,94.99900456334987
8377,109.68026403497198
8379,111.24072827176289
8380,93.36667205226715
8381,111.34228302015038
8386,92.25615121938417
8388,103.40441260114947
8389,93.88031289897911
8391,113.91348761781015
8394,95.1586548063738
8396,104.2525117206822
8398,104.08799005066874
8400,114.5876078826463
8401,93.83783442842258
8404,92.80523130655396
8407,94.77100319766623
8408,112.32081323689698
8409,110.82844295931478
8410,104.50110459825908
8411,93.783430127085
8413,93.5524771000049
8414,112.54948467846695
8416,93.69988033644968
