ID,y
1,88.69564263841303
2,101.53924704535103
3,91.66876875272115
4,80.22281574716692
5,115.85646806893644
8,92.86639369055932
10,111.25128472380813
11,94.16460893945916
12,117.03799288367122
14,90.65814376681843
15,116.14385124717
16,104.98263411554294
17,101.14204983729732
19,97.14794773803308
20,103.8797985017624
21,106.28427165586619
22,118.22485398154399
23,101.14204983729732
26,95.82809896110263
28,104.4503511778348
29,101.14204983729732
33,101.14204983729732
35,95.28975063679911
41,101.14204983729732
42,93.25299462143329
43,120.1288021383061
45,111.26260817364988
46,101.4854071852055
51,94.28624337958955
53,90.33221349729743
55,116.16049670775504
56,93.62975839688681
57,105.74537938575226
58,97.18182215003735
59,104.6593622570615
63,117.77942574612405
64,95.80889900945574
65,108.60174662736824
69,91.62781959438377
71,96.74126759143627
72,100.11226726112872
73,93.80415916699124
76,106.43030661716764
77,106.03446585424385
78,115.56261370046194
82,94.64602449987716
83,108.60174662736824
84,99.44687197574287
85,103.18765994207689
87,113.03820613535336
88,101.14204983729732
89,116.40272534814964
91,99.00046523763518
93,94.50529475470287
94,106.41043654313032
95,91.89208142646106
96,108.24254295848384
97,96.37334536763298
98,112.30558794403227
99,93.57167420049797
101,104.02680219917903
103,116.40272534814964
104,92.6486805627002
105,112.5339748595589
110,91.17355748368111
111,113.29910210155404
113,113.13471949230725
114,92.72794799504021
115,112.26314583472198
117,116.40272534814964
120,95.0744387783568
121,114.8564316274217
122,103.1068374999981
123,112.42182693438217
126,118.07062442069119
132,109.598656914705
135,102.48095228338654
137,108.3487795404189
138,93.43703744608561
140,93.85394692914069
142,107.191064033989
144,113.06844854146914
148,90.2955128063856
149,114.65948953233446
155,108.3309388121417
156,108.18664873973587
157,96.37334536763298
162,115.43738330223631
163,99.03412611842012
167,93.11056401564798
172,120.1288021383061
179,117.44870653221473
180,101.33105274367165
181,109.91694032039001
182,96.60206073457374
183,116.40272534814964
185,116.40272534814964
187,110.57783600278074
188,92.92606321245674
189,92.1287705252286
191,95.22832358717157
192,111.90059684152527
193,94.39914535355892
194,113.90940165574287
195,93.6889590403854
196,110.3616881732701
198,96.3641946564058
199,111.60628678580431
201,101.8880433171902
204,95.00819935222546
205,107.44790831842622
206,89.65858131911646
210,95.7450344527196
211,104.02680219917903
216,115.81584054376833
219,117.03799288367122
220,92.85438174917365
221,111.75898143371411
226,109.91694032039001
227,92.54593835123015
228,110.56491457886919
230,111.03297454421343
231,96.37334536763298
235,118.22485398154399
236,91.97359442474517
238,110.58471123882364
242,106.12325680722856
243,96.83325369615702
244,87.92304803473709
245,109.24970441514576
247,116.4709217899845
248,91.21388966872698
249,94.9613848182468
250,117.09912741294949
251,91.97359442474517
253,118.22485398154399
254,92.85127989870989
256,92.07470856980473
257,89.34355601997802
258,116.97227494031998
259,93.70003752987145
262,82.68719597791738
266,92.7630263919999
267,113.7768525642468
272,102.05053997688151
273,116.40272534814964
275,105.17079918737485
276,117.97521305276433
279,95.66943543954613
280,108.60174662736824
283,91.78689294404151
285,113.15741701721811
288,116.40272534814964
289,97.52250370582459
290,102.37464108027987
291,94.17251358295437
292,107.26351448329643
293,107.88228381748966
296,102.81801354029616
297,109.50606707751797
298,117.02019498360953
299,94.64602449987716
304,93.1863910109368
305,74.62064516329971
306,91.58180613982458
307,110.42303863224126
311,114.65982307011703
313,110.34104861482547
314,91.74697178383516
316,91.10055207185115
324,94.02120008628509
327,96.8176916460406
329,94.8028951492082
330,113.14620553793984
337,103.8600754166576
338,90.57297815783951
339,103.58628875782358
340,94.14894814131057
343,93.10780594667642
345,116.14385124717
346,94.75334318699055
347,113.20714302778208
349,116.10080566242154
350,89.68581426267565
352,117.02177148060858
353,93.80910783381367
354,76.02499481142374
357,91.11877691979801
358,107.97563125413637
362,114.31956009117891
364,113.55472698292326
365,100.35785397201292
366,98.28799440992327
367,111.72267904499489
368,96.51530092066514
370,77.40461384332224
373,94.90917361290839
377,90.8586686884965
378,106.46055064945739
382,106.43030661716764
384,110.56491457886919
390,93.15706214522761
392,115.62745454203214
393,115.70976617817391
395,93.0803218156871
396,103.08936529870392
399,79.80994699593441
406,110.34104861482547
408,110.34104861482547
409,91.51381023402337
410,75.24343142420048
412,117.0660393275595
413,92.35814678216222
419,94.75221427979403
420,113.95495072935728
421,92.14942370120315
430,98.05363299332387
434,91.83384827815233
436,94.40377793311917
437,93.5004775483201
438,92.16221470774344
439,112.24791021212518
440,94.58700162793099
443,113.63713817080688
446,95.18044336050839
448,92.3057342078298
452,92.89602008955343
453,103.016090215883
457,99.51180628215698
458,93.59962660823642
459,114.88819504653142
460,103.2958847533381
462,104.14882161029448
464,101.93837202478082
465,117.03799288367122
467,116.78048316021577
471,109.70901460342245
472,72.36445236335611
473,99.36777727060961
475,95.92874318912494
480,95.0576406667856
488,105.35451996991343
490,110.42303863224126
491,101.89491474985047
492,78.10754276792456
493,92.09549762457809
497,93.3352580199282
498,115.90189795212436
499,95.28798904242745
500,101.20349063353672
501,94.4893908735091
502,113.51878439840173
506,87.75191992316903
510,103.62341108451567
511,91.8227726570598
512,95.71722834887285
516,95.7212574193603
518,91.08385076407521
519,108.9057475603696
521,91.81318181746805
522,115.60626180094508
526,114.09385508715627
529,93.81134133317013
532,114.24007441072943
533,93.9350040271176
536,114.51172353940169
537,93.91623710412176
539,94.8432407563036
540,102.06619623606666
541,94.75043069209713
543,93.94959739571766
546,112.11289600373661
547,92.25691882374824
548,83.0141030119958
551,90.94053704059439
552,105.87491524475604
556,101.58271047746973
557,95.93624126621077
558,111.72267904499489
559,93.08309215674285
560,104.21186796429348
562,106.21904265446408
566,92.75248121731981
570,115.90189795212436
571,93.5004775483201
572,108.60174662736824
573,95.71289128679136
575,117.03799288367122
576,107.16092004573926
577,92.1609605361443
579,93.63702077573177
580,109.47659302204966
581,112.03022091589563
589,110.42303863224126
591,103.39613737825636
593,92.52558909351106
594,109.00672799349046
595,97.80357046501206
598,90.61062933644776
602,110.55117831816699
604,116.26328181106292
606,109.97430831044889
608,97.82508430962821
609,104.02680219917903
610,93.46180912765188
616,110.6704655878716
617,95.2137435496832
618,101.33650337105013
620,101.56149384776896
622,114.00020538838197
623,92.97503110033162
624,169.8546232141275
626,115.73384778310492
628,114.73918370586229
629,95.3955584802995
630,111.03297454421343
637,94.65789415704046
638,100.74856732492397
643,95.3840514419803
645,95.0576406667856
646,118.60921636251479
648,95.53799054499675
652,94.1440659024252
653,93.88488873077051
654,115.90189795212436
656,115.91932402306495
657,91.23529197397184
659,102.07856504056049
660,102.65298910525323
663,85.43391932611098
664,115.71937587810339
666,101.54290804756815
668,108.59651411824137
669,90.05819070259525
671,93.8897813133315
675,93.8341150305026
677,90.89427144195048
678,110.18287657434374
679,105.16113299739445
682,96.98307402453243
685,102.68960556966672
687,94.04360413558786
688,84.40940967978794
693,110.13367132953296
696,94.08179300973106
698,94.79308253083809
701,101.94783857680844
704,103.72153434481729
705,117.0728672345962
709,116.08378010006905
710,99.77828410567993
711,105.71140647749296
712,98.5221518087582
714,109.94839945602104
715,97.35013305161502
716,110.42303863224126
717,95.03518034682844
720,116.14385124717
721,95.22832358717157
724,104.07875272282375
725,92.8356075160373
726,116.83627976901808
728,111.85945689432378
731,94.6252760935766
734,103.82638286935716
738,92.93752734055789
745,108.52077308376009
746,95.65040335627194
751,78.26928362997666
754,96.35411880230146
756,95.68190551960032
758,94.74473577022009
759,112.37616946098544
761,120.35944607380462
766,92.04783234761572
767,110.76461893882056
768,92.97503110033162
769,111.96136851937057
770,101.68955436691866
771,78.10754276792456
772,108.65999368675949
773,90.05303311550121
774,114.47848873411736
776,110.56491457886919
777,92.1696767363233
780,120.1288021383061
782,102.06619623606666
787,101.82674979714406
788,94.8432407563036
792,91.7893540043455
793,114.80838232995065
798,93.92668903922551
800,93.46505206049085
806,110.42303863224126
809,109.94404074124188
811,114.74150947955671
812,97.40253507081864
814,117.03799288367122
816,99.78180941914253
817,93.56205888691099
818,111.16609420965827
820,110.90262671589285
823,95.26783085116499
829,93.63658610985102
830,110.13105579148288
831,90.16529207486252
834,111.9450941924471
839,94.49076360558593
841,78.11756453859735
844,104.23878598217445
845,93.78632366671016
848,93.1863910109368
850,96.5665007317414
851,103.48960641241257
852,95.5961737388425
854,95.16982993343713
855,93.69244653215782
856,106.32846199794723
859,100.79197469919734
861,114.47848873411736
864,92.39091217492138
865,114.51926521371927
866,90.6265335690486
867,95.26299578053525
869,98.31317679895649
871,97.69745958620004
872,110.42303863224126
882,103.57688911576372
883,91.83384827815233
885,92.5650100698658
888,96.1391405977732
893,109.04575492419532
901,107.79750899127367
903,101.89491474985047
904,89.81467390249162
905,105.58756413865916
910,94.06861031725518
911,105.81383732570032
914,112.36608636581894
918,117.8446180911702
921,90.09898016956699
928,96.71267920254631
929,106.52021077353925
932,91.60621895435507
933,114.13129463301135
934,94.06861031725518
935,111.96243823727549
937,81.25383120829159
939,94.64602449987716
940,99.04112373790957
941,97.2971838355131
942,103.65657499888428
943,93.5135497495833
944,100.17820380744067
947,110.42303863224126
949,108.9419011776771
951,113.69070410255756
952,93.6362770180985
953,101.89491474985047
954,73.39904291757587
957,109.67547955687989
959,87.97858208101411
960,114.72661432410854
963,117.03799288367122
965,110.42303863224126
967,100.08301443750162
971,93.94051875887044
972,76.77106157912917
973,92.32677937440283
974,112.04570709139716
975,93.42786207656884
978,125.158082144377
980,122.03481275622337
981,96.09132161262065
984,111.23053791632427
986,94.06861031725518
988,92.97503110033162
989,112.27719775462016
990,105.49507055208011
992,107.79750899127367
996,93.50249971887087
999,121.50730965753635
1000,89.09803318020246
1001,114.51926521371927
1002,94.72678316858169
1003,110.56491457886919
1004,89.1050171413569
1008,110.43229801571064
1009,93.56015218298275
1010,112.10840407479702
1012,121.43701552751942
1013,89.98700933828061
1014,111.38896105707721
1015,95.76893771848346
1016,117.6747379954629
1019,102.17309654161537
1020,111.4949617061468
1021,94.06861031725518
1022,100.9376683044658
1024,94.06861031725518
1025,75.14114405973287
1027,96.02283125003227
1028,106.67428147173507
1029,93.48786204066907
1030,87.43799672994518
1033,115.10289840486703
1036,86.91520995296295
1037,110.92395609356359
1038,92.6071882095667
1042,94.64602449987716
1043,101.83657496648618
1044,92.64218342586979
1045,111.58247609681382
1047,115.40769256754766
1050,94.49385387769232
1051,109.6415601155212
1054,93.59962660823642
1056,96.09132161262065
1057,93.62603180423199
1059,92.84128472233562
1062,98.3715783782358
1063,102.07431260416888
1064,96.09132161262065
1066,90.50376563401244
1070,104.83911426749825
1076,113.1700251470696
1077,101.61795212865567
1078,111.46814278825485
1080,113.39869408384504
1082,110.93468845129415
1083,95.0740383799291
1089,112.35995335943733
1091,96.1391405977732
1093,92.67084604075508
1097,95.7547553717435
1099,88.78046066742672
1101,94.06861031725518
1103,93.6619474657611
1104,115.41094347230352
1106,106.9466356015719
1109,90.7635030935257
1110,113.14778395378617
1111,92.23208411156892
1112,110.13806535715591
1114,94.28624337958955
1116,97.19956543279986
1117,111.08065241211503
1120,95.43320982563199
1124,111.31612809176312
1125,91.23150070018285
1126,111.83244444423597
1134,107.93379552773357
1137,92.45328403922323
1138,117.87301964809548
1144,110.3859044110331
1145,97.80357046501206
1146,91.74697178383516
1148,95.29847546753791
1150,95.81842544464638
1152,104.23878598217445
1153,95.78078814000658
1154,102.60624642514502
1155,92.92606321245674
1157,96.16532698592809
1162,94.64602449987716
1165,111.0578697014561
1166,91.93765602429417
1167,103.01644809342915
1168,96.24107322412223
1169,100.79197469919734
1171,118.22485398154399
1172,95.89971771443405
1173,100.79197469919734
1174,91.17143113027151
1176,92.90843426513848
1177,105.89189989402672
1178,91.11877691979801
1182,111.14589090801056
1186,95.0576406667856
1187,119.74044374911193
1188,94.9613848182468
1189,120.1288021383061
1191,105.29376442946736
1192,94.88733003936271
1197,116.37278248374855
1198,91.89540172827665
1200,78.30448474401996
1201,93.06379939518607
1203,95.95642610716513
1209,117.03799288367122
1214,102.26607736205452
1218,112.58249031650767
1222,96.24469578017774
1226,98.26704900730466
1228,93.21749467521548
1230,89.42444492253247
1232,76.01416909116138
1233,97.41847009710925
1236,114.29718277965104
1238,98.10361881906712
1241,110.3859044110331
1244,101.19372217286939
1246,91.69234434027946
1247,119.48530377902337
1250,105.50669238420113
1251,93.21974130052214
1254,114.97931914812769
1255,97.11158608870718
1256,109.26373970416466
1257,95.91592496645023
1258,87.9762843411008
1259,110.66767817956324
1260,92.98675343474204
1263,109.90992628647518
1267,78.3837102469873
1268,110.09223695971185
1271,96.76794808863966
1272,109.04575492419532
1274,104.79976346976473
1275,94.64602449987716
1276,109.6415601155212
1277,90.64312512179987
1279,91.74697178383516
1281,95.95955550509572
1282,94.9613848182468
1283,111.8271823770344
1285,112.28108761802889
1286,92.54620152013784
1289,115.331200778923
1296,117.69531113005227
1299,95.47209691260639
1301,93.50249971887087
1306,92.40718246257825
1307,91.89360360920801
1308,91.1391250366766
1313,109.6415601155212
1314,96.78988677263385
1315,113.14778395378617
1316,92.05712078426046
1317,109.46751158705057
1319,94.51040260616323
1323,94.23348320486423
1324,102.43899597208998
1325,93.71270775324413
1328,96.84403845799912
1329,91.88812301079552
1330,114.47848873411736
1331,92.78343153807815
1332,112.82830484846276
1337,96.34320510038731
1338,105.45387615173561
1339,91.81318181746805
1340,113.64749709605695
1343,116.57615028416416
1347,103.10369759871449
1348,94.33500148328598
1349,106.58987279861212
1352,91.74697178383516
1354,95.15976643505918
1359,111.43206592957678
1360,93.88223903316151
1363,109.46751158705057
1364,94.08179300973106
1365,101.67042465799321
1366,93.01289768666169
1372,95.2627034348987
1375,103.16284208490833
1376,92.63845532240109
1378,97.55248018404707
1379,115.01956478655914
1380,94.06861031725518
1381,100.79197469919734
1384,120.08116624189478
1387,95.47209691260639
1388,112.35470213336376
1392,74.9829931526701
1394,97.76508389570006
1395,97.40292001056672
1396,110.34104861482547
1398,91.09884041067936
1399,110.34104861482547
1400,90.31966819348247
1401,96.98882138312584
1403,99.76148153210806
1404,109.88666299779011
1406,110.34104861482547
1407,94.6596583319072
1408,109.90992628647518
1410,78.3837102469873
1412,110.42303863224126
1413,93.7253134011316
1415,94.89225366342218
1420,109.90992628647518
1422,112.58249031650767
1423,105.26473586770877
1424,109.90992628647518
1425,94.15116687511491
1426,78.3837102469873
1427,95.95642610716513
1429,95.91537430177283
1430,114.81551987227407
1431,94.01141399246094
1432,105.42292411770109
1434,113.64122139958363
1437,95.7367234967335
1438,102.59662486670504
1440,115.07375569084991
1441,116.2934009901312
1442,91.11877691979801
1444,111.39524141579184
1445,94.96403007926722
1446,103.41679156359683
1448,91.42789047887621
1453,91.35604772552799
1454,110.42303863224126
1455,94.88733003936271
1456,120.26440683624904
1458,110.42303863224126
1459,93.34430914691268
1461,90.60330731584654
1465,95.47209691260639
1466,114.78492598353637
1469,94.23348320486423
1472,91.35604772552799
1474,96.75809035592764
1477,111.30730556761944
1479,104.91975683642572
1482,84.95111191900881
1483,74.6435927755467
1487,94.75985825725017
1488,115.90189795212436
1490,113.08336811378945
1492,111.06932411320173
1494,120.56190382656911
1496,101.64882127323432
1497,95.82028227894978
1499,98.09816103380234
1502,91.74027717499648
1507,115.20673754814963
1508,91.74697178383516
1509,106.60718944836373
1511,95.65040335627194
1512,108.91411151913815
1513,114.47263784117578
1514,100.29930120945146
1518,111.76679842521733
1519,90.85394745293095
1522,114.9430614129615
1524,76.75702119177697
1527,91.11877691979801
1529,93.69610827834902
1532,103.91400272042699
1536,114.72372389464581
1537,117.03799288367122
1539,105.40704100989745
1542,114.6552098619214
1543,92.63845532240109
1544,100.7808762343792
1545,82.39018438434783
1550,91.62870347010102
1551,105.2321279205471
1554,104.98263411554294
1556,104.23878598217445
1559,95.91592496645023
1560,76.51954260043401
1562,97.6029755858709
1566,89.84042808477703
1567,110.84538188630177
1569,101.99780991628283
1570,109.5769886149701
1571,114.61059189325664
1574,91.74697178383516
1578,102.06619623606666
1580,93.28140208102774
1583,112.28156231081451
1584,91.74697178383516
1585,112.52802186550603
1586,97.55851155377046
1587,110.56491457886919
1588,90.19225992573732
1590,113.61627440183162
1592,99.92291363989446
1596,113.94390686730972
1598,108.30065251263181
1599,94.84811505232882
1604,113.23390597639789
1606,97.23250574915677
1607,93.7253134011316
1608,102.17775518580439
1609,118.22485398154399
1611,94.22992209727539
1613,96.04554620679144
1616,92.87467985138528
1619,115.31878367648066
1620,98.37744909335132
1621,110.49214527527516
1622,91.67836431232516
1625,107.79750899127367
1627,118.22485398154399
1629,113.749801288894
1634,91.27060028661131
1636,92.02596162621126
1638,101.44279263216241
1639,93.6180793709839
1641,95.7875550277062
1643,95.55489341287006
1644,101.84560675076568
1645,120.1288021383061
1646,91.66933148719858
1647,105.58008687163309
1648,97.88910223315145
1652,93.28140208102774
1653,113.32308513725287
1656,109.95807863659888
1658,94.84811505232882
1659,113.90940165574287
1661,94.32713791539197
1663,93.7253134011316
1664,114.38423337627472
1665,93.18596288030503
1666,104.23878598217445
1667,103.58314784903709
1668,78.32758145956883
1669,105.58430512467139
1670,100.05281808640419
1672,111.26945357480884
1674,111.38896105707721
1677,115.90189795212436
1678,97.60607106595154
1679,112.83682066660597
1680,90.53161807832362
1683,103.7299595058107
1686,103.10558296652891
1687,114.69665879745028
1689,111.72267904499489
1690,94.45609857093868
1691,116.14385124717
1692,113.06872891769949
1693,91.74697178383516
1695,94.17154717133309
1696,91.35604772552799
1697,113.14620553793984
1700,104.23878598217445
1701,92.17374598084956
1702,109.16047045283752
1703,95.236965150466
1704,113.22307139737197
1706,93.01795933080592
1707,111.23053791632427
1708,97.84260177934553
1710,97.13991799000878
1711,102.25199815110335
1713,104.61917974425617
1717,101.47852404896416
1719,102.06619623606666
1720,91.1276790834586
1722,91.42782500205024
1725,100.17120570483499
1726,97.62457308477612
1727,106.81104067520906
1729,113.14987905884949
1730,91.34066869170799
1731,112.91277713438066
1733,104.23878598217445
1734,96.58564091959082
1735,112.58249031650767
1738,96.04554620679144
1742,96.19903833949276
1745,111.38896105707721
1747,94.10180977011734
1749,95.24610571119285
1751,95.65218434201049
1752,78.40958723720948
1753,99.69181494170593
1754,96.92503031681917
1755,95.92874318912494
1756,102.3273900381042
1758,111.93814689818231
1759,94.88733003936271
1760,102.37464108027987
1761,113.28582290031429
1762,89.45526538847434
1763,110.82957689906874
1764,89.13465379347186
1766,92.75013303716494
1768,95.3674125056788
1769,77.55730564049165
1771,111.56386683248354
1772,89.97925967158187
1773,106.39349316452473
1774,88.75993636745169
1775,116.14588929680282
1777,116.75409599491101
1779,94.88733003936271
1780,108.60174662736824
1787,95.236965150466
1788,91.61606327602138
1790,98.15719453980272
1796,112.12645216333541
1801,93.9514116208464
1803,99.06719131005616
1807,111.72275692197607
1809,113.242562486332
1812,92.29554532926676
1813,111.46004929918419
1814,94.8681709262227
1815,115.72735349328173
1816,95.1081752756769
1818,91.95339732471218
1820,89.72420932481626
1821,115.40769256754766
1822,96.12127353302411
1825,90.80387335794168
1826,101.96560378323437
1828,96.06962971217955
1831,101.82131718893726
1836,112.99196490898693
1837,89.8534938442723
1841,96.75809035592764
1844,102.17689038335666
1848,89.59992939733685
1851,105.40704100989745
1852,95.39120131754208
1853,96.52765829000718
1854,107.87526767890546
1856,94.28549040547964
1859,112.4645049501655
1860,95.3491507318023
1861,72.91751395081201
1863,107.13289252709717
1865,97.2971838355131
1866,105.12586065867924
1867,93.58022111226792
1868,93.75675692303794
1872,95.9864753170377
1879,94.16935004041434
1880,103.18765994207689
1882,91.48295830525979
1885,103.7299595058107
1887,103.88906173764991
1888,91.71967132730907
1890,113.19959904053033
1894,94.6657235464354
1895,100.86766935332008
1896,95.92911515668104
1897,113.50432339628533
1900,116.04165984188366
1901,95.91592496645023
1902,112.55329609298163
1905,88.40762340445674
1906,101.9074521229479
1912,101.89491474985047
1915,95.92398096001071
1916,105.31732428728954
1917,92.2105903929816
1918,103.88649233199914
1920,77.45436979888765
1923,95.1796907275172
1924,103.42977630998033
1925,100.42474055347493
1930,118.22485398154399
1932,110.34104861482547
1933,94.30090735400131
1934,110.42627964564274
1935,94.30157226622427
1940,78.3837102469873
1941,98.07645400085372
1942,111.59410637305629
1943,98.20368598519622
1944,86.08555926532952
1945,105.72720869656031
1948,117.03799288367122
1949,96.90989995147778
1952,92.91709474666214
1954,91.74697178383516
1955,109.90992628647518
1958,84.212913834805
1959,87.7188139399147
1960,110.82957689906874
1963,97.54176448916688
1965,87.41797293699945
1968,106.70262815889954
1969,94.08179300973106
1971,95.40342467705642
1972,113.42732277836923
1973,92.25502006405176
1975,93.08633140710234
1977,89.64398718279617
1978,92.47925854099164
1979,110.41537112628927
1981,94.17342053498382
1982,112.5114103754492
1987,118.33950879784558
1988,89.84042808477703
1993,101.14288854525647
1997,92.84290905609178
1999,95.76225750103094
2001,96.04554620679144
2002,111.58071636970993
2003,92.87861791370604
2004,75.42571353118619
2006,112.83657839556867
2007,91.0421947215001
2009,103.4531043228072
2010,91.02200411350972
2013,103.66757647281915
2018,81.70338704765935
2022,104.63521108916603
2024,107.98448338830323
2025,94.83565288716807
2026,106.05218546916137
2030,103.8797985017624
2031,95.25497081718788
2032,101.89491474985047
2033,97.27624643000885
2035,93.92566523803191
2036,114.19066971407425
2037,96.34308766942081
2040,95.66943543954613
2043,122.4337655711953
2044,108.8337945864399
2046,95.56429744707361
2054,110.11706643911941
2055,94.65977535335944
2056,108.60174662736824
2059,87.73807728757026
2060,95.91592496645023
2062,99.06858171775323
2063,113.52426552171107
2066,94.6657235464354
2067,115.97328240520545
2072,103.4221801541365
2073,112.13820661392265
2074,90.81740846707217
2075,116.33252044138268
2076,92.32566322452823
2080,90.23342688667823
2082,95.91592496645023
2085,111.7980070432037
2087,108.52112041333271
2091,107.98876211564532
2092,96.3876545305612
2093,108.60174662736824
2098,98.23357922761869
2101,110.82957689906874
2102,92.74773265951401
2103,78.3837102469873
2105,105.9381027867274
2106,95.71289128679136
2107,116.32672821173084
2110,92.89602008955343
2114,93.51816588145473
2115,113.1837617326001
2117,85.94093156551376
2118,94.47658968030692
2119,100.47834072874929
2120,95.01586696622313
2122,94.03997711929702
2123,111.61230059138421
2126,95.53912718049197
2127,103.86028800708524
2128,94.86454531731297
2129,106.68998845329621
2132,98.97088137936603
2135,106.33139567040985
2138,94.01504252399968
2139,118.22485398154399
2141,102.56265635701591
2142,92.2608243638241
2146,97.58047425467998
2151,111.79797471722986
2157,103.24068667622686
2159,114.23740034290657
2162,92.92606321245674
2164,115.69780850231206
2167,92.38397329252942
2168,108.6046632350496
2171,92.77761256421296
2173,94.83758163446493
2174,102.75635591494247
2175,90.90360366273384
2178,93.80415916699124
2180,96.04554620679144
2185,115.52772410046819
2189,92.61732276737273
2190,115.97328240520545
2192,100.93247200337694
2194,113.63902924002544
2200,121.15606311478987
2201,91.00928181765985
2203,113.11607474976245
2204,91.9447366006938
2205,111.08374729201951
2209,110.9394240116283
2213,102.28306233821465
2214,91.79376500485324
2215,110.14417703032899
2216,90.24407046444226
2218,95.7214733734874
2219,103.76015206869764
2220,93.88223903316151
2222,93.4506859851223
2223,109.8340282722944
2225,111.36814842376054
2226,95.34659954007341
2230,95.15763383903894
2233,113.1261170598261
2234,112.89283929977691
2235,91.9447366006938
2236,77.2179114980528
2237,91.50526896344996
2240,117.2960913390769
2241,91.88107298158465
2248,102.58287525302671
2249,86.51436206906914
2250,114.68527828448698
2252,113.19990639187034
2253,98.64048514051561
2254,114.4698962891713
2256,78.96994528116387
2258,86.44846381963794
2259,112.82998446558933
2262,94.6657235464354
2265,94.8432407563036
2266,103.73279955019714
2269,95.00538416038746
2271,93.57512969475937
2273,94.6707346890135
2274,113.59995016502462
2275,91.30462495118758
2277,96.17897293301782
2279,91.9447366006938
2280,76.77299517648657
2282,96.04554620679144
2283,101.26999474707134
2288,91.1094690347231
2289,110.39778444671211
2291,99.64291742024004
2292,121.60063376556633
2297,95.80523637089208
2298,106.72168276401948
2299,94.81775079596386
2300,116.76569723715728
2301,90.13087739721868
2304,94.65977535335944
2305,103.41704501307024
2306,94.6657235464354
2308,92.96792947961123
2309,113.91264935579191
2311,98.4221180703002
2312,102.52740524087679
2316,103.60762259430845
2321,102.25199815110335
2322,112.07449736489814
2325,101.34040080542505
2326,97.91683188511857
2329,121.60063376556633
2330,94.44389994941413
2331,105.16291955023365
2332,115.02176014450862
2333,94.6657235464354
2334,100.90183671969442
2335,109.26373970416466
2337,115.15864585289047
2338,91.020513871019
2340,115.02176014450862
2342,103.64841294601172
2345,95.46669459146531
2349,97.77967279810548
2351,76.93337740234728
2352,95.14616480236819
2354,110.7039351429549
2355,115.19453710740221
2357,111.36814842376054
2358,95.08442853443506
2360,92.60118443601687
2361,110.7039351429549
2364,91.11877691979801
2366,96.86148205162613
2369,98.9312260776274
2370,93.28628032410091
2371,112.42701019010848
2373,114.5025759374763
2374,96.39656894556558
2376,110.56491457886919
2378,114.91796570081601
2382,93.91899099727091
2383,92.39542339541299
2386,100.5818184737053
2387,92.49969198851903
2389,101.2568278983834
2390,116.99252711693983
2392,82.88370605941792
2398,115.02176014450862
2399,95.634628825963
2400,103.0118807007103
2401,112.24255051866955
2402,93.59962660823642
2404,93.01764778854287
2407,114.91743430396409
2408,110.19271775149852
2409,115.1266629029876
2412,85.8223679369886
2413,94.60303101578006
2415,94.62963188628095
2420,107.18305507617998
2422,96.31036999939158
2423,102.4918146846415
2426,91.95125745151198
2432,97.93542701900074
2434,91.12637666895354
2435,108.95467915071015
2436,107.90506018461693
2438,108.78068493608772
2440,113.70235972983292
2443,92.98980226853757
2444,94.45064730278659
2447,102.58287525302671
2450,93.86483373829839
2454,92.82487492861556
2455,112.52107730180035
2459,94.6657235464354
2460,108.29743053347988
2463,95.86595437620511
2465,92.99761127289034
2468,78.3837102469873
2469,92.87861791370604
2474,90.7682793786266
2478,92.46959936071403
2480,97.08427071560574
2481,117.2960913390769
2489,96.04554620679144
2490,103.8797985017624
2492,94.30157226622427
2496,94.6657235464354
2497,118.73140814961633
2500,93.64481914733415
2505,95.66943543954613
2507,92.78925217839794
2508,111.08374729201951
2509,95.2137435496832
2510,79.51275587412971
2513,94.115392866241
2515,96.04554620679144
2518,92.39542339541299
2519,107.67411828493316
2520,92.39542339541299
2521,112.00112476419835
2523,113.27350039339603
2525,94.14267663906531
2529,112.08357218355849
2530,92.84050987558038
2533,112.7886794381262
2535,97.73928048588601
2538,103.95635096767022
2544,113.04967570210411
2553,113.39458172377073
2556,89.92614443976406
2558,92.65376458843855
2559,118.23502897882005
2560,91.29683963886525
2561,115.17195308005776
2562,95.27471507255103
2563,112.77070476446924
2564,92.40718246257825
2565,113.1261170598261
2567,102.5573964619714
2572,93.60478096757694
2575,100.83615733256156
2576,114.37394269330284
2577,80.4419658941492
2578,86.47946898632365
2579,107.21465759412467
2580,87.9368825867958
2582,120.11430343994502
2583,105.81911049454877
2587,93.037552196657
2589,116.4320153103392
2590,96.42706160854331
2591,112.08357218355849
2594,93.06524014634074
2597,97.0266309071435
2598,104.23843384303669
2599,95.48197998415412
2600,103.31131089297554
2602,119.4788286477699
2603,93.60478096757694
2604,98.82037789247829
2606,112.10919438373799
2607,78.40958723720948
2608,103.4221801541365
2613,111.08374729201951
2614,92.32132750552307
2615,112.6068932862164
2617,114.33376847737229
2620,95.81842544464638
2623,115.82863565802504
2624,95.49613947148498
2627,111.08374729201951
2629,78.40958723720948
2630,100.74404543648134
2632,99.02495196827036
2636,93.10312174393304
2639,92.7829447260782
2640,104.90364685235373
2642,112.08357218355849
2644,106.33139567040985
2646,108.90312999537828
2647,94.72086794418166
2649,93.53855519615635
2650,112.93237558935803
2652,104.23878598217445
2653,102.12683355920942
2655,111.7838944305434
2657,115.02176014450862
2659,110.34104861482547
2662,92.11025525005613
2663,117.2960913390769
2664,94.77227515293762
2665,105.55957093712745
2670,95.70907441541215
2671,106.00440952107422
2672,93.64978031707733
2675,104.23878598217445
2677,107.9267919408214
2679,113.63225629892794
2683,115.40710552486073
2684,94.01463381045049
2685,92.45658896575188
2688,104.18957263136775
2689,95.24955962918756
2690,100.50011592933834
2693,96.01605787595358
2694,110.3303642089842
2697,103.54457940593352
2699,94.43385695472408
2703,92.5120875230953
2705,99.76977473707973
2709,84.09622188723186
2710,97.00983635712814
2711,109.16017618621179
2712,91.45504840343915
2713,95.54632667078096
2714,114.03792784424016
2715,88.6583325482361
2717,93.52559139201281
2718,120.60480774493291
2720,110.64327618306314
2721,92.87505929216908
2726,94.30547971393204
2728,94.13209668107295
2731,102.64403279366093
2732,110.3859044110331
2734,94.46161492948193
2736,100.21361282927833
2737,94.00751958286882
2738,100.71630729126852
2739,114.83715472993191
2746,95.85787945698026
2749,101.45295014747978
2751,120.1288021383061
2752,105.89463995383089
2753,95.00665604771916
2757,103.4531043228072
2758,93.37459051585458
2759,110.37258111494687
2760,91.90250254825034
2762,110.03287508069515
2764,91.45819223934967
2765,107.60802751169531
2769,113.19756031131497
2771,117.17700586252083
2774,90.50132659264142
2776,91.97688704704632
2777,114.10925721742498
2778,95.91592496645023
2779,115.25392372225824
2782,89.7716226309525
2784,93.37042141617425
2787,96.40234740062746
2789,92.12986786841489
2792,88.47972662036827
2798,98.23667512858437
2799,103.27074863146042
2800,93.64863495381402
2801,86.42693276732798
2802,93.32080716421001
2804,95.56628237595834
2807,101.67042465799321
2808,94.97530817746316
2809,117.63371856333958
2811,116.56176103674288
2812,93.9198319743112
2814,92.48990317102304
2816,94.0377553294874
2817,111.36980561820779
2818,110.68631452486898
2820,111.25179985115591
2821,75.03888828267179
2822,93.47524299836836
2823,104.80727299124774
2824,93.67604996132054
2826,93.65044982919385
2829,101.7393442115697
2834,95.73322508173727
2835,76.75864423417066
2838,91.95367295407189
2839,108.95093056331812
2840,94.83495985926234
2841,112.0349501118296
2842,94.6657235464354
2846,113.50949613761314
2848,98.04887335511668
2849,91.30529869873045
2850,114.03792784424016
2851,94.64602449987716
2853,95.8582355107623
2854,112.08357218355849
2858,116.8192758540377
2861,88.26971028451717
2864,94.30157226622427
2865,117.2960913390769
2866,111.62630266511736
2867,93.69895823585595
2868,108.91166502472983
2870,111.91533037174712
2877,94.56407169024763
2878,111.08374729201951
2880,110.40416086170835
2882,77.66941951103266
2883,94.76158471126882
2884,99.40114230380793
2885,98.57246804856035
2887,96.04554620679144
2888,110.86697676111041
2889,96.04301477496985
2890,106.3868131420762
2891,97.70752577471016
2892,117.6747379954629
2893,95.23226637554245
2898,113.4426059704765
2899,91.87935554662508
2900,120.71142365144638
2901,98.92740344610641
2909,97.4964819965595
2910,106.92046590656119
2911,113.26158653430042
2913,112.95005742064768
2914,98.49571627608427
2918,93.63060798597911
2919,109.59380662280812
2920,96.35576798765767
2921,111.08374729201951
2922,100.09389473860065
2923,104.05204931233702
2925,116.50060962672839
2926,94.64289538470501
2927,116.07341148027399
2929,111.76679842521733
2933,96.05171180423939
2934,115.85877020078351
2936,113.17606969063641
2941,94.13527767799357
2942,96.58274185678933
2943,113.20889705223385
2945,102.41559801577515
2950,94.23061586025082
2951,111.92827004774578
2953,124.18886198405187
2954,94.40980051181555
2955,102.23381764738794
2956,97.13083999602222
2960,94.76392494482405
2962,100.56265352967259
2963,105.19788853310084
2964,103.4682043783496
2966,77.47740173684197
2967,93.0199208145397
2968,113.60611000650556
2969,93.08633140710234
2971,95.68282550168904
2972,95.80523637089208
2974,96.1535755479523
2975,110.90581485916617
2977,120.56190382656911
2980,113.80802691307346
2981,92.46135929785228
2983,96.02304437939912
2984,103.5195475388354
2985,121.60063376556633
2986,100.34140356425067
2987,95.80523637089208
2989,97.51393563650599
2990,111.6194148546836
2991,94.43470081205314
2992,77.55730564049165
2995,103.54457940593352
2996,109.79932969232543
3002,109.4745612114805
3004,115.45844796809276
3005,120.35944607380462
3006,97.61195023470404
3010,93.93557152630413
3011,102.39764833849591
3014,94.64289538470501
3015,93.14691706566244
3016,95.7367234967335
3017,112.31450184559876
3018,92.39264201218415
3021,103.10979658540998
3024,104.23843384303669
3028,94.65572491706354
3030,95.91592496645023
3032,92.90514051060589
3039,95.92911515668104
3040,107.86919789693492
3041,97.9370008040723
3043,96.66864884086561
3044,116.25691190182887
3046,112.85789973457454
3055,89.54064249371098
3056,114.1527501739967
3058,93.66928798000637
3059,112.55379295692649
3061,117.03799288367122
3063,105.0690906814351
3066,94.80654571088499
3067,104.23843384303669
3068,80.07610614085414
3069,92.87505929216908
3072,116.28349926720531
3073,114.25242047606594
3074,88.93144618569428
3077,93.2233407097055
3082,95.53746591328927
3084,103.54457940593352
3085,116.8258585665802
3088,106.33139567040985
3091,94.69341708117511
3092,117.45171030209298
3093,98.35752848786808
3094,102.64403279366093
3096,110.42627964564274
3097,91.34066869170799
3098,80.19222236184001
3102,115.439401195844
3106,92.87878362186851
3109,93.71013920980877
3111,89.52364316277436
3112,120.35944607380462
3113,94.80585474117274
3115,103.4221801541365
3116,111.17268090742634
3117,97.00606462673393
3121,110.562508204382
3122,91.84264897883715
3123,93.64481914733415
3124,101.8880433171902
3125,95.7367234967335
3126,98.96205194448251
3127,116.14385124717
3129,91.72994957818905
3130,110.41831566225127
3132,104.57964119982958
3134,104.9141208206638
3135,98.39397741479007
3137,76.48397991800006
3138,95.4763935251062
3140,91.33055423074407
3144,109.1433889020492
3145,91.69173315175252
3146,112.6068932862164
3147,97.33082614350562
3148,100.91887193287744
3149,102.96013488080862
3150,114.7207217871069
3151,95.44962757239003
3152,98.34035500294668
3155,102.29152908750996
3156,114.03792784424016
3159,87.49006143294156
3161,94.88668343878014
3162,109.58382917274007
3163,92.2425673129562
3165,99.58377546380208
3172,93.61810647683564
3173,110.55019800017436
3176,93.50673895172424
3177,104.59745558294428
3179,110.90581485916617
3183,89.8860253538959
3186,96.55495407062344
3187,106.26643525614304
3189,108.76066409473438
3190,99.6059724127606
3192,116.14385124717
3193,93.61810647683564
3194,112.90513050692489
3197,96.76794808863966
3198,97.40635995008759
3200,93.7130491411193
3201,114.61168295019513
3202,97.40635995008759
3204,95.66943543954613
3205,88.90739788303864
3206,112.3822760709496
3208,103.04723327116591
3210,101.47482698023191
3211,88.66180444197752
3212,117.03799288367122
3213,97.91101990924903
3214,110.09223695971185
3216,106.3868131420762
3219,96.35971209651805
3220,107.06270662335962
3221,94.80585474117274
3226,107.52211772908896
3227,93.48529234138623
3228,113.85836617049726
3229,94.61906452659588
3232,78.3837102469873
3233,91.82767705816109
3234,89.52577464599216
3236,94.67422156104773
3238,110.85089442185269
3239,107.45623767013362
3240,95.40675739611603
3247,110.95709277434005
3249,101.24370609313169
3252,118.53130159844011
3253,94.37571364268986
3254,102.9503980942132
3255,95.79531924385824
3256,113.21361809668453
3257,96.13943455929717
3262,99.01910510756194
3263,104.23878598217445
3264,97.13083999602222
3266,113.47607543164067
3267,92.2498619908107
3269,104.21734035102415
3272,121.60063376556633
3274,96.76794808863966
3275,104.78548068052994
3277,94.47292754814026
3279,99.7434807873257
3280,104.76508498652025
3283,91.57958638223722
3285,96.04554620679144
3287,83.92416184489868
3288,104.23843384303669
3290,104.66895725707286
3291,90.74785811437692
3298,113.49348912215916
3299,92.57205481003605
3302,109.96708249294434
3303,90.96201540935705
3304,101.63193123866427
3307,97.54339297000823
3309,88.36904823204826
3314,76.17506923598833
3316,121.04283892273091
3317,93.07466359975172
3319,92.82827579673418
3320,115.15658267641639
3321,96.16488664169819
3322,104.6240564542771
3324,93.63702077573177
3326,99.82089094566359
3329,112.23322550057912
3330,92.40718246257825
3331,114.79093913592135
3335,117.6747379954629
3337,92.38935687695327
3338,100.14698999623965
3339,94.37737935659044
3340,108.03639111115733
3341,94.79087562065163
3343,92.0120039860482
3346,96.33332588193619
3348,92.76576583234379
3351,104.23843384303669
3352,120.70955076749233
3355,93.69481122988024
3356,114.9228503992856
3358,101.20606587420296
3359,95.39120131754208
3360,109.12949208111684
3371,115.08123728695463
3372,95.9304649916484
3374,95.07767462066552
3377,112.8133222772804
3378,91.72317121966427
3380,103.11710701101148
3382,93.83046281749651
3386,93.2864818925427
3389,113.11393615664468
3391,104.5662724192148
3393,95.6689718553236
3394,102.3860914041895
3395,89.26728356784481
3397,111.08374729201951
3398,94.19747873771269
3399,79.26842338010016
3400,95.7547553717435
3404,103.85702894366307
3407,113.72624232584867
3409,105.18683857141485
3419,94.1766718741755
3421,92.7749245674865
3425,94.66125425502054
3427,81.16816840190833
3428,121.60063376556633
3429,116.30343019872201
3431,92.26453865021787
3435,94.71453512928606
3436,111.82835442322714
3439,94.91404877557906
3441,99.3627553786302
3442,121.60063376556633
3443,99.01910510756194
3444,102.10273172395853
3445,94.50005074815459
3446,111.29714645164879
3449,95.91592496645023
3453,96.4256942129338
3457,91.65853489762742
3460,104.00059163550586
3461,94.26281132938566
3462,91.35604772552799
3464,105.0690906814351
3465,80.07610614085414
3466,95.34424055202754
3467,104.22959513605448
3468,94.19733266627499
3469,102.90111121099415
3470,103.61316828763546
3472,112.08357218355849
3473,93.99938643080355
3475,88.54764377545155
3476,113.98512644159379
3478,108.10245007922455
3479,94.43042215768125
3483,93.60289985979782
3484,104.11097716922077
3485,94.49325299330236
3487,91.26302683215896
3488,109.84898764415146
3496,111.02466001754172
3497,96.01064175394237
3499,94.01141399246094
3500,75.35525198096208
3501,100.83615733256156
3504,93.75470247861324
3508,108.60174662736824
3511,87.39773504479845
3512,110.48992479579051
3515,96.38966886330934
3517,97.74012896177518
3518,106.55378051909469
3526,112.45201526697304
3528,129.85623098810154
3529,95.273617952567
3530,109.21027012934152
3531,93.54484393775232
3532,119.8139037753518
3533,97.7176447053427
3534,91.98051223650393
3535,75.26695782852246
3536,89.51480330762911
3537,114.57179461623714
3538,93.68460649006158
3539,114.56193425056145
3540,106.17194361465883
3545,114.63142836630658
3546,93.00739385515286
3550,104.50122613605595
3551,93.36983392543556
3553,94.99814194691496
3554,104.00059163550586
3557,91.50526896344996
3558,118.14892500810069
3559,95.91592496645023
3561,97.44269825533871
3562,111.08374729201951
3563,88.56096871170034
3564,104.23843384303669
3565,94.50005074815459
3567,98.29119094967201
3571,104.23843384303669
3572,93.78384999239117
3574,95.08791735866464
3576,91.79447567525551
3577,113.51795573742261
3578,100.84011884660367
3579,92.54989584341634
3583,94.40313743809519
3585,96.05290133943123
3586,106.83390669605828
3587,112.12645216333541
3593,93.89418748398336
3594,117.52354648544124
3595,95.92911515668104
3599,94.04360413558786
3600,104.95234090669643
3601,112.08357218355849
3602,95.91592496645023
3604,95.40665099270038
3609,115.4057106533755
3610,104.82155139845814
3612,109.69028558931076
3614,120.82709210118446
3615,94.31052565954802
3617,103.00786864738048
3618,113.35335076802674
3619,115.94198632717901
3620,115.93480656579366
3621,93.44430166372987
3625,96.0494749130441
3626,99.69185976193086
3630,100.73634745589459
3631,96.90945292563794
3632,101.83384402728294
3633,93.75481015542701
3634,113.7768525642468
3637,93.17461318947085
3639,92.84594724824656
3640,114.18197559369912
3641,91.81378485647531
3644,117.47026737531866
3645,92.65874862391361
3646,95.57439522001923
3647,93.14256220813446
3648,110.53855266753197
3653,112.87313592204077
3654,101.91471485414853
3655,116.96545028240263
3659,100.29448580494268
3660,98.14103409653464
3662,113.33723646011084
3666,93.92196877170562
3668,97.0773265712501
3671,95.05739271035667
3673,91.5070883830091
3674,113.19156495557772
3675,93.08606827714344
3681,93.87821730372573
3682,112.11009320400134
3686,110.09223695971185
3687,94.53139964137597
3692,72.60505247028053
3695,115.53660082085045
3696,92.04691442460144
3699,115.81831441114761
3705,110.64756689054465
3707,78.3837102469873
3708,93.94056669257924
3709,112.40789499603864
3710,91.48295830525979
3712,83.02626618813854
3715,111.78537414905087
3716,90.80269286075603
3720,114.01301052159369
3722,78.3837102469873
3726,95.08420363109227
3728,92.97309292841447
3729,114.75544447169429
3731,102.06670973537854
3735,113.10665938535367
3736,97.53101891226211
3739,98.98194448169437
3741,115.78428555731654
3743,101.60791451712998
3744,98.15719453980272
3745,115.6672769193601
3746,95.82989153173287
3751,95.31412945081001
3753,94.41939405953096
3760,111.61898962584877
3761,96.85155543747786
3762,114.31718439036545
3763,93.4981854064512
3765,93.94273644778791
3768,115.0262747775659
3769,91.7780750293996
3770,112.69720078520741
3773,114.86599083070777
3774,94.45937711098158
3776,96.14308539513328
3778,93.38195153731056
3779,107.32209865611952
3780,98.05825308017435
3781,111.32851324273531
3782,93.10470658425383
3783,113.78455940156351
3784,93.06479007154265
3786,95.08420363109227
3789,105.76505678754336
3790,91.8251349638223
3793,111.7915326848201
3795,110.40416086170835
3797,96.80781671177567
3798,121.60063376556633
3800,111.82835442322714
3804,98.4585136155724
3810,97.41023688795545
3815,115.12904279265315
3816,98.4585136155724
3818,106.0371228790506
3824,112.08357218355849
3828,97.83242636122797
3830,112.4736350615674
3831,94.81761044211085
3832,78.40958723720948
3834,111.57217850165085
3835,96.83454239180529
3836,105.99308340442767
3838,96.04554620679144
3839,117.03799288367122
3840,114.59905998246163
3845,93.2192071910685
3846,110.34104861482547
3847,97.74012896177518
3849,78.58750272909717
3853,107.54351062250001
3855,108.60174662736824
3856,92.4986085354775
3864,81.53062249756618
3865,99.05986944639234
3866,112.06546920740962
3867,89.08257877004408
3868,111.82835442322714
3869,95.30603178451406
3871,92.70551640151584
3875,99.09332197298514
3876,92.19680302888744
3878,95.73459867401257
3879,110.58298827192867
3881,111.82835442322714
3883,109.23413587803418
3884,92.1259925285865
3886,112.35080807782653
3890,88.16581797466971
3893,101.72560837229821
3897,103.9939241434281
3901,97.78938714952277
3902,110.82957689906874
3913,116.37759353559171
3914,93.90575375619059
3916,92.85800267207287
3917,111.25905976503356
3924,105.09954309828422
3925,94.88774036769024
3928,95.65958559487358
3929,115.17578947600528
3932,91.28204907733075
3933,106.3868131420762
3934,80.06653312736395
3935,94.30157226622427
3936,94.49430069294067
3937,110.34104861482547
3938,98.29639870317116
3939,105.99308340442767
3943,90.49796367133858
3944,112.08357218355849
3945,109.87229760520482
3946,99.6500697734557
3947,111.9979766499417
3948,95.29718729140069
3949,110.85089442185269
3950,94.01886681724575
3951,110.36560154972743
3952,91.35604772552799
3953,113.70993537155091
3961,116.41752242729225
3962,92.67225259805639
3966,93.22695600054521
3967,105.21696971321319
3968,96.30204745613348
3969,112.27138635545658
3970,93.69244653215782
3971,103.8797985017624
3973,89.38398655764135
3974,111.94530837872432
3975,113.72978119679343
3977,113.10792056086866
3979,111.0159386565291
3985,95.29941629440806
3986,106.59238982879538
3988,105.08521892463692
3991,94.00751958286882
3992,100.84557204256032
3993,93.96989696011993
3994,100.3286097838542
3995,115.82810628630808
4005,109.78717275519642
4007,92.95589770842267
4008,102.05831670697482
4009,89.7097269954491
4010,99.03693637810545
4011,82.9435356325053
4012,91.25573696389989
4013,105.40704100989745
4015,113.98058468554116
4016,110.81552252923284
4018,110.90581485916617
4025,93.18596288030503
4026,114.03792784424016
4028,114.06061892591329
4029,96.84281573541429
4031,97.64592087477276
4032,114.2509272349863
4033,88.25021161011868
4034,108.48042621339968
4037,96.70809338174885
4038,106.20016446151135
4039,94.12005681002591
4041,93.02278910801107
4042,108.82967727175385
4043,96.24203780801969
4044,106.3868131420762
4045,94.27888027596009
4046,114.36186754790931
4047,109.40532949766265
4048,101.54634949939496
4049,97.3830006270728
4051,92.85415678712826
4052,112.16770760978184
4058,104.00059163550586
4062,107.91310063681813
4064,103.86885683527589
4067,93.22548612043212
4068,75.21572073092275
4070,91.76773561506839
4072,114.56106415678937
4074,116.26883271534868
4075,89.75721011825485
4076,110.41621341068021
4077,92.24590722582828
4078,115.71697609054307
4080,106.3868131420762
4082,116.67526277475547
4085,93.60478096757694
4086,114.57554239724048
4088,114.03792784424016
4089,90.4232221805681
4092,78.67980916388252
4094,91.74733377832322
4095,111.12974357317066
4096,99.5983082506564
4097,107.1112298861739
4102,94.57009218263063
4105,108.5334529909936
4107,112.35644404119887
4111,98.0372722517888
4112,104.80618428704818
4113,94.54830024903589
4114,123.05891078346833
4115,90.26095267474349
4116,112.7937967781966
4117,93.76764374877192
4118,94.96179884637408
4119,112.38256380643892
4120,105.56280975552608
4122,84.77840338664912
4125,97.19083969585475
4126,116.72312287897175
4129,110.56491457886919
4134,116.44942799552231
4137,89.65610629219238
4141,105.5745796722839
4142,96.92495123201005
4144,96.04554620679144
4145,105.09954309828422
4146,102.28389689017331
4150,90.39218799064784
4151,74.81788462494488
4154,93.22548612043212
4156,103.81600835510206
4157,111.74183673405541
4159,110.81552252923284
4160,98.48283734951399
4161,107.32209865611952
4168,98.0638727865034
4171,104.36824895103473
4172,106.76697311591275
4173,94.85634991445608
4175,92.69460524761581
4176,106.3868131420762
4177,96.04554620679144
4178,96.79508741015127
4179,92.47478756909946
4181,113.12862793929605
4183,96.84281573541429
4184,115.0229225091852
4185,88.02537364540555
4186,117.69437641683109
4188,119.55820820325141
4190,113.91608272617914
4192,90.86605068067934
4193,100.29513394226007
4194,116.07341148027399
4195,95.38667537094283
4196,78.40958723720948
4202,97.13083999602222
4203,105.20501184518844
4208,92.45349971369188
4209,126.30668978677177
4210,92.88018855226906
4211,111.820557294283
4212,121.60063376556633
4214,108.10245007922455
4215,97.33082614350562
4216,120.71853108574041
4217,94.56096402399035
4219,95.79386307227693
4222,110.34104861482547
4224,73.72673101943059
4231,103.36162325519571
4232,96.84281573541429
4234,93.23037786947431
4236,96.04554620679144
4237,104.23843384303669
4240,93.41821523312764
4242,102.43174421980709
4243,96.31426236673404
4247,97.02610631792834
4248,112.97329668858377
4249,90.3066767950639
4254,100.42851020210536
4263,93.60508635273438
4265,106.21705717714727
4267,112.73352355982925
4268,114.95775888953847
4271,109.65832895634875
4272,97.2971838355131
4273,109.56756376528813
4274,92.11646578428648
4276,92.92335026084777
4278,94.8432407563036
4280,95.25875373950807
4281,113.98058880691144
4283,96.96742849192695
4284,112.15034444537987
4285,93.36916421261179
4286,111.91061248222985
4287,96.97376942725668
4288,117.36995689838199
4289,87.57504358397043
4290,92.42082858268896
4293,91.61767414653043
4296,115.28063898865265
4297,94.12218527038863
4299,98.60988283130557
4303,112.55990604584694
4310,95.39240067159511
4312,105.64340767198644
4318,104.23843384303669
4320,115.35180983843404
4322,97.7070756069816
4323,123.2799564323604
4325,106.98342948837418
4326,109.2094944052788
4328,104.37474455641001
4330,107.17724726900809
4332,107.63565899867403
4333,86.69338843151073
4335,93.56018434969019
4336,110.2306889560049
4338,105.07789679538155
4341,93.01976052075399
4342,104.56409939536638
4344,104.00059163550586
4347,94.7304868646047
4348,106.33139567040985
4351,111.34918875814401
4352,93.44558774775984
4353,113.4597479210813
4355,102.98480807080661
4356,93.60478096757694
4359,104.89245762433737
4360,96.02304437939912
4361,94.39462469607437
4364,95.18336126220255
4365,103.52370090954008
4368,94.50345358892865
4372,99.25926302972452
4374,94.64909324690039
4376,93.24067023834846
4377,100.45025289066301
4380,96.03808377874557
4383,104.99842660180263
4384,94.8432407563036
4385,106.71700641355804
4389,97.89356853455078
4391,93.82384950597864
4392,111.49921820738827
4393,88.83653505348147
4395,93.23423830291053
4396,111.08374729201951
4398,117.37806297861047
4399,109.57823693851115
4401,95.00147896991625
4406,96.67011806185565
4408,108.30920296117368
4412,106.33139567040985
4415,90.11027895071697
4418,118.05988994048613
4419,94.64909324690039
4420,80.10653043658421
4422,112.08357218355849
4423,94.64909324690039
4425,91.2964918608889
4428,110.37319332022821
4431,114.39068081124208
4434,96.3040702784115
4436,96.32082339179826
4437,110.15181867659287
4439,117.03799288367122
4440,93.21298872706012
4441,117.17461690371925
4444,96.19316832006582
4445,108.10245007922455
4446,93.08694767517419
4447,116.30298450430358
4452,104.55816283347471
4456,111.88516152501997
4457,94.50005074815459
4458,111.22965621301529
4460,93.60478096757694
4461,117.63884497210321
4462,97.51490753977322
4465,103.90141284066983
4466,104.32372697025357
4468,92.09011512696415
4469,104.96713664623536
4472,114.79171920362765
4475,92.24683543073783
4478,95.08261677603173
4479,114.09278582310174
4480,93.70927000787259
4483,79.99047116454882
4484,95.72589086506734
4485,103.81433880173992
4486,93.69244653215782
4488,92.71296876413066
4489,106.48113284845493
4490,99.34669564862207
4491,108.6359617326245
4492,93.56205888691099
4493,108.93092232058716
4494,93.99085968049754
4495,104.29074669338702
4498,76.48397991800006
4499,96.60978274634707
4500,102.33854310479975
4503,118.47486658960023
4505,106.7671549532148
4506,99.67142776731487
4507,95.49115342565283
4508,104.23843384303669
4510,111.0578697014561
4511,91.34511316861877
4513,95.15976643505918
4516,80.54311991326458
4519,93.9656579913642
4521,93.81790736801821
4531,89.54870424757682
4532,78.53240570754295
4533,102.76179818531683
4534,114.11087059094194
4536,104.23843384303669
4537,94.50005074815459
4539,96.93934176146426
4542,105.11066588098913
4545,91.42487331136525
4549,93.27720682942997
4551,93.72933508228652
4554,108.0692481498728
4556,113.00331765605807
4559,110.6148252219506
4561,113.36356001563293
4562,105.15388170576907
4566,113.09996313728742
4569,90.74785811437692
4570,111.08374729201951
4573,94.2240180311763
4574,111.48251072881615
4575,87.66750016216653
4577,95.58604211920127
4578,110.34104861482547
4580,111.65133861378074
4582,101.2277685276924
4583,112.08357218355849
4585,94.67843427294716
4587,104.23843384303669
4595,94.70011668000068
4596,111.99495042742363
4601,94.4307613240584
4602,115.46246128836802
4603,98.56041833126193
4605,119.6724939386757
4606,90.02080899022296
4607,114.30290709099542
4608,101.30732430929305
4610,96.71702668218114
4613,102.49030840717901
4617,93.68371902621948
4618,109.90992628647518
4619,89.69145766733206
4620,92.75125879286502
4622,109.09857984911403
4625,93.60478096757694
4626,104.23843384303669
4627,97.84260177934553
4629,94.65995492293806
4631,90.42052899987087
4633,104.23843384303669
4634,118.83954094603291
4635,93.43121577289925
4639,90.7621080806889
4640,104.73998697558164
4642,100.63410267867448
4644,110.73511474740303
4646,104.23843384303669
4647,95.76065554739765
4648,82.35324076322247
4649,92.05904151277139
4650,107.54509410735253
4655,93.27720682942997
4660,90.53050023212018
4661,114.09151173558335
4662,88.07034640310235
4663,115.28973732649135
4665,97.16504996449531
4666,112.2450579296711
4667,102.90820270333396
4668,97.49704117499599
4670,94.79074260323505
4671,116.74405507183903
4672,96.94730825513395
4673,101.02454859536498
4675,106.80823642112357
4676,95.44299010820295
4677,107.14459837872423
4680,92.16897561555913
4682,92.6459915014424
4683,114.18530468918536
4685,106.33139567040985
4686,95.466934595619
4688,113.78455940156351
4690,113.96746682256537
4692,110.89526865183909
4693,90.59919817645721
4697,93.27720682942997
4700,108.33309860647543
4702,106.69257222017116
4707,117.6747379954629
4708,93.60478096757694
4710,82.96438435233466
4716,92.18506039266704
4717,94.28094590787705
4718,94.7645033707544
4720,96.1290245276047
4721,80.91891687601242
4723,94.51491999843421
4726,110.37689299646803
4727,94.84192054364557
4729,92.9381899495904
4731,92.14718634397208
4732,115.26201805355473
4735,96.02123714134314
4736,110.53222822608856
4737,98.56041833126193
4738,114.06390932468521
4739,110.11586446419989
4744,105.58756413865916
4747,92.75910920864013
4749,111.03644711585406
4750,93.60478096757694
4752,112.08357218355849
4755,97.24629964033603
4756,104.13040239003038
4757,111.51911287563192
4758,90.90451383327019
4759,101.22679286115617
4763,94.66842329240984
4764,104.44733480776571
4765,93.46060280346862
4766,91.74041872381308
4767,113.22768588458061
4769,117.37312170740951
4770,93.73761851730931
4771,75.3620033186858
4772,104.23843384303669
4774,116.07341148027399
4776,115.54004665021897
4777,106.50000700839831
4778,94.50216604068027
4780,99.8576274326742
4784,95.4908965089184
4786,96.5273098701959
4787,76.89827457868621
4788,99.17766144703839
4789,112.08357218355849
4791,102.48473405211584
4792,92.09605176023169
4795,107.35280981097787
4796,93.079720845271
4803,96.83530477012725
4805,97.16448944459657
4807,93.51791564349861
4809,93.14292282929273
4816,96.83324180848113
4817,81.17676809377109
4818,91.302363000418
4820,93.78632366671016
4821,99.91514000014763
4823,111.75102728325706
4824,94.89569392626214
4825,115.00570602804488
4829,104.46951718016373
4830,97.13083999602222
4831,111.54242123635672
4833,107.02387631178408
4836,96.13850734128752
4837,113.78455940156351
4838,88.80198252735062
4840,94.63324192173877
4841,79.55732688303765
4842,92.6349801178279
4843,113.52354659611264
4844,95.46118492221015
4849,114.83042101943603
4851,102.86775371540605
4852,95.26100133051753
4858,91.45694535329176
4860,97.13083999602222
4863,115.39431040246565
4864,93.9185174825739
4865,115.87802192463549
4867,110.50236598827559
4868,93.75582023305543
4869,114.15025286712682
4873,95.03801538041262
4875,92.60385189798077
4876,109.04453884281955
4877,87.16840165724311
4878,110.7039351429549
4880,77.29508342185389
4886,114.92446828863147
4888,104.03540950304483
4889,94.31380781818686
4890,117.1221113926728
4893,94.60482008984965
4895,94.31291013395018
4896,101.30847756224848
4899,90.98336523071998
4901,93.01487114796336
4902,109.28451418058917
4903,90.66331713591126
4904,112.08357218355849
4910,99.64104053204053
4912,92.58606807305601
4915,94.8354410597093
4916,103.81594749874309
4917,88.78361799673375
4920,104.23843384303669
4927,100.44532389776731
4928,96.27474953750351
4931,104.87652770651087
4934,93.13422360284034
4936,98.84133322106234
4939,111.27323833473852
4942,116.82477403383788
4943,98.4585136155724
4944,103.26118025312655
4945,93.50478539081496
4947,110.2632805648974
4948,90.8439874468852
4951,94.2240180311763
4952,112.08357218355849
4953,86.44422920727783
4956,90.66331713591126
4957,122.10894393518389
4958,89.8999637451019
4960,92.52034774312602
4968,92.37750380375415
4969,105.36185130771447
4971,100.07757765923557
4973,113.69535782529194
4975,116.67060084392841
4976,94.7124655214073
4978,93.93658111551929
4979,105.97044637885651
4982,99.93811259837526
4983,111.94179657415197
4984,95.69770127264368
4985,117.63884497210321
4986,91.63523424153908
4987,116.41752242729225
4988,96.19316832006582
4994,94.256385928626
4995,94.45352300752138
5002,81.12178494530302
5004,95.34165525362681
5005,102.57528098713166
5006,96.04554620679144
5007,101.06562711686787
5009,112.13820661392265
5011,113.69535782529194
5014,94.01504252399968
5015,103.88138186678674
5018,98.506349935664
5019,108.88626961730743
5020,90.40723527616662
5021,112.6582661101908
5022,98.42211857568675
5023,90.64333267871744
5025,97.44764649620069
5032,96.02821682739615
5034,99.53531627446496
5036,91.14063517042291
5038,96.89634675009506
5039,111.61217620459558
5046,97.18798765690667
5049,108.88626961730743
5051,94.542706886411
5052,91.08825989892597
5053,116.07341148027399
5054,94.45937711098158
5055,96.6482952429956
5057,94.50005074815459
5059,91.28915330297828
5062,99.5429077047521
5063,113.78246562473056
5065,111.66523095951494
5069,90.65344872837258
5071,96.92118752876415
5074,115.7029761362825
5075,94.64289538470501
5076,118.51421331557825
5077,75.21572073092275
5079,101.6784381846293
5080,96.0716000260808
5081,112.5559372809195
5083,106.29476346828626
5088,104.19952499261969
5089,89.4595448979011
5093,112.03000095416095
5094,104.64046134916029
5095,95.83700438349226
5099,110.22290414352746
5101,111.93537944252188
5103,98.36688135193012
5104,90.3690513793596
5105,110.97571793435172
5107,94.08208345138137
5108,112.4967959916487
5109,95.74016743590994
5111,95.7472904639372
5112,110.3859044110331
5113,100.29567550171497
5114,109.95733637258768
5115,98.48283734951399
5118,94.58530909300418
5122,94.45937711098158
5123,79.73723202659826
5125,93.42334283682467
5127,102.26155114605119
5128,92.31905750326774
5129,110.98920813303253
5132,96.04554620679144
5134,118.70094011834964
5135,93.9887077336835
5137,113.48033263737673
5142,94.17459125567422
5143,102.4599579780959
5144,96.15461316546717
5148,92.35107266062411
5149,95.10683420121606
5150,105.09954309828422
5154,80.07610614085414
5155,91.55462036217516
5159,92.22406445987639
5164,91.52664461376882
5165,113.44796589816045
5166,93.75405628856902
5167,113.70979163413945
5169,86.96126631005777
5171,90.51525165634746
5172,109.16047045283752
5176,90.46911966939908
5184,112.93920847797656
5185,94.58794184486942
5186,110.24931555579658
5188,104.91253611147445
5189,110.25676119580808
5190,93.30056342761263
5191,113.44796589816045
5193,110.56491457886919
5196,89.83379321668384
5199,73.21009590740064
5200,105.69555668428535
5203,94.23944599014484
5204,110.82957689906874
5205,89.35436613339036
5207,95.25307984562511
5208,103.9609824987586
5212,99.4532958537105
5214,102.12870760930949
5218,89.9095981570574
5220,97.3865635879674
5222,93.77430707690246
5224,96.79826347529692
5225,104.23843384303669
5227,111.67721751835336
5229,100.44612993731296
5232,90.98890773941686
5233,114.87700258073744
5234,103.74763000496093
5237,111.08374729201951
5239,125.03019131366302
5240,92.46716989071325
5241,108.88626961730743
5244,92.76910411860632
5248,110.04952286111225
5251,88.83123752272178
5253,95.86932800861524
5255,100.15207726575622
5256,99.79294629156298
5257,93.19820717097947
5259,95.59134438511734
5260,109.58025097239337
5266,93.70458881296054
5268,89.56026690250542
5275,112.5559372809195
5276,113.33087963054372
5277,94.6766838195099
5279,96.3426548491836
5280,99.09332197298514
5281,91.88812301079552
5283,101.06599272552415
5284,78.3837102469873
5285,94.45352300752138
5286,100.86194265904086
5287,90.04780561954468
5289,94.47798721266429
5290,110.56491457886919
5292,110.49099836930762
5293,95.00058423321218
5294,99.6486334331916
5297,95.71722834887285
5299,104.70520169347975
5302,92.88607467186142
5305,72.72499212347878
5306,100.05281808640419
5308,92.86689504426938
5309,94.33984774890718
5310,109.10015747450178
5312,109.36326192760956
5316,118.47601295369586
5317,96.54512887185477
5319,82.76045213560776
5320,97.44764649620069
5323,91.61823777454585
5329,111.53123344422153
5331,110.93612277278217
5334,109.12040708099724
5336,112.04570709139716
5338,100.11238166513225
5341,100.70235470963812
5345,97.76160137151123
5348,91.72993611026068
5349,118.72883000413385
5355,111.2620426311624
5356,92.73243666907466
5360,108.31119089256836
5362,113.74440166524136
5364,112.98048642176046
5366,106.28289177401622
5367,90.04147357203401
5368,94.14773056185302
5370,93.89626085756178
5371,76.30410318352426
5373,103.19935580545122
5375,111.08374729201951
5376,90.89081181155859
5378,112.55375238148673
5379,100.5412488531654
5383,91.68290228811306
5384,105.07269212734028
5389,112.09832595030409
5391,77.42850156165188
5393,106.9039332965349
5395,116.15802029754023
5397,111.09488259076993
5398,93.14831432214832
5399,109.44495469518517
5401,120.95843204789551
5402,86.56616943647589
5403,112.6857953843756
5404,95.7376400051976
5407,78.40958723720948
5408,96.42582601504408
5413,109.54627188136374
5414,92.74485668055871
5417,95.55893905835826
5418,110.49099836930762
5420,117.75028919036515
5421,92.15362729954307
5424,95.07735545767898
5425,110.82957689906874
5426,91.97085621533077
5429,114.8056688430714
5431,93.67275141526113
5437,99.49996757209647
5440,84.83431178837047
5444,107.00063392262211
5446,103.90330774660003
5447,92.27751745250339
5451,100.33676101116762
5452,126.20369358228987
5455,103.74763000496093
5456,91.46819565784752
5458,87.93019391678706
5459,114.17453492821483
5460,97.35685114242597
5462,94.10441856141595
5463,105.9754803958263
5464,93.26013775676603
5465,113.4997806729938
5466,98.42118315643879
5467,104.49846656650935
5468,92.5869753756306
5469,115.28973732649135
5472,97.6277696371253
5474,91.80161309463932
5475,110.29808512213503
5476,94.36390042267678
5479,99.7521336666334
5480,112.16770760978184
5482,113.33512640212976
5485,92.3171473497207
5486,119.4776469033462
5488,79.64137738153994
5495,100.44612993731296
5496,99.16521551055143
5497,111.02466001754172
5499,114.31956009117891
5503,95.69769088251785
5504,97.64015937575051
5507,94.85634991445608
5509,97.88651019383148
5511,96.24393905282729
5512,113.06854690905449
5516,110.53855266753197
5517,98.20334317883756
5518,106.02801395084367
5521,92.91508490136134
5522,101.25467890814684
5527,97.80949452449502
5528,94.18702919092095
5529,107.90890128678089
5532,92.10115917988037
5533,116.1084253088996
5535,104.64803712479969
5536,101.67918333306721
5540,96.06857276659437
5547,95.30462113073773
5548,109.21027012934152
5550,77.66941951103266
5551,94.7979657674298
5554,105.91323316648834
5555,94.74181478525556
5559,110.35309501371977
5560,98.96595172346989
5561,114.99527747774498
5562,91.5276786918618
5563,113.40711285033343
5565,77.46576771096933
5566,95.87710707840351
5567,102.96596217672908
5568,94.81122791226835
5572,98.18896229663379
5574,90.5229380463808
5576,96.41115186597875
5579,111.78908440719239
5580,78.10725948605477
5581,93.53202320218986
5583,88.89675650026928
5584,114.20995634568125
5586,114.59504338014798
5587,96.87102393204746
5589,98.08291218708925
5591,101.48428816311237
5592,91.04617284532631
5593,114.9909035856451
5594,94.70889036612839
5595,78.03459939770302
5596,113.78455940156351
5597,111.95967318239067
5598,119.08287516778643
5599,93.50478539081496
5602,115.19216249060106
5603,94.70889036612839
5605,91.16667883560513
5607,91.74733377832322
5608,115.29235729257022
5609,93.76766589744719
5610,90.26095267474349
5612,94.51666132300508
5613,110.25676119580808
5614,92.23764296025507
5616,95.86199357378968
5621,97.17826946425302
5623,94.12368676048376
5628,113.53979613351143
5629,94.38881277344124
5631,101.28484587018698
5633,121.39276795067035
5638,107.08509873394854
5639,97.69501354133644
5640,105.11894521667625
5645,100.28589120395304
5646,80.60743682978905
5649,94.10846066329557
5653,113.03168759806692
5655,111.32701998769119
5656,96.06775072201937
5658,95.18044336050839
5662,120.35944607380462
5663,91.67204550928335
5667,91.42515842326229
5670,93.50478539081496
5671,99.14037929223986
5672,95.28204900268173
5673,102.97533068542816
5674,92.92335026084777
5675,103.02573828933353
5676,94.6657235464354
5679,114.04873796309883
5683,115.06018322727351
5687,96.02283125003227
5688,78.67980916388252
5690,93.07548856187273
5691,113.92643987228156
5692,93.9143636792763
5693,118.32650420000495
5694,95.3837540246247
5697,113.45578025667974
5698,92.52063684383731
5699,111.94530837872432
5704,92.70421002596223
5707,114.04873796309883
5709,102.27170365287441
5710,95.64190803438895
5714,94.98530316885791
5718,91.59466676124245
5721,96.88720959646976
5723,94.72166479211114
5724,111.66523095951494
5725,93.60478096757694
5726,111.70833078829065
5729,98.2945976137153
5730,106.85913025365167
5731,93.21869681705456
5733,75.51433249780402
5736,92.14776904032594
5741,101.68410363262365
5745,110.50405223977825
5747,94.00920428852285
5748,105.31846958443802
5750,109.28925910723348
5751,95.47968932606676
5752,90.36430373929483
5754,93.18898013811771
5755,93.23003238219263
5757,89.89160856356568
5758,118.93289484008834
5760,104.3380813357214
5762,100.86785766106445
5766,118.10432710866162
5768,98.4585136155724
5769,117.64896677750352
5770,90.80991775474277
5771,111.17666256781422
5772,91.84763191346445
5773,115.2589561552256
5774,97.23179936932621
5776,92.86636883189867
5777,111.94530837872432
5778,88.3698166272294
5780,111.61217620459558
5782,91.87768990108253
5783,73.40395843364027
5784,97.13083999602222
5786,95.61463765607586
5788,93.37473938121292
5789,113.4597479210813
5790,92.82680201108576
5791,100.44612993731296
5793,100.58263933580513
5794,94.38157577425
5796,117.03799288367122
5797,91.88471961875689
5801,92.34073375382049
5803,96.02283125003227
5804,111.74413261986476
5805,92.79160703624554
5806,76.17506923598833
5808,107.35280981097787
5813,93.59962660823642
5815,96.34506709117443
5816,105.57237019943517
5822,94.06282147206375
5823,111.10381349678781
5825,106.55538549393182
5827,109.0267235661148
5829,97.872033865118
5830,97.17284652654247
5831,112.63023721575769
5832,95.43088766891745
5833,107.35280981097787
5837,116.18558155118028
5838,94.70851420779667
5839,94.77119330356973
5842,105.11894521667625
5844,112.92809176576276
5845,109.60999700600003
5846,106.4244329806394
5848,76.64335555512021
5850,111.55600178333025
5851,92.28529354028376
5853,98.4585136155724
5854,108.01786651314734
5858,105.11894521667625
5860,109.3648680128075
5864,104.14935957915635
5866,100.73043416959842
5867,114.04873796309883
5868,95.36360380164587
5869,112.8872199081451
5870,90.57683608260214
5871,115.04471221753442
5874,113.44796589816045
5876,111.59051569068953
5877,92.20802390589233
5878,93.35095593843278
5879,108.88626961730743
5880,92.80810135230082
5884,91.13388257066502
5886,110.82957689906874
5890,99.55042057119675
5896,94.12797854485049
5897,103.72484898726304
5898,98.4585136155724
5901,110.20987799370735
5903,116.07341148027399
5906,90.26095267474349
5908,112.16770760978184
5909,86.79176763960368
5910,110.25676119580808
5911,93.52881065073595
5912,112.98048642176046
5914,113.44796589816045
5919,113.69535782529194
5924,101.09369341184305
5926,94.16703251322562
5929,102.30967578022
5930,97.77669839828839
5932,97.16448944459657
5933,118.59589876943403
5934,91.78531667597281
5935,109.84605151563221
5936,101.2935124469623
5937,108.65572567859539
5938,94.56504122316105
5939,113.3099280126178
5942,109.63965852386477
5943,96.86432056245823
5944,104.81195665489416
5946,110.85089442185269
5951,91.95920446910628
5953,103.45168219039988
5954,95.26783085116499
5957,106.8123427021379
5961,98.35569848193231
5962,105.40704100989745
5964,79.597921629458
5965,92.32818136454262
5968,113.44796589816045
5969,85.71590016954333
5974,89.93352513378703
5975,110.57295615469735
5978,79.55732688303765
5981,106.02801395084367
5982,97.86616238519743
5983,116.8646101209922
5989,113.70972607939004
5991,92.94656127666671
5992,101.08478920800812
5995,98.07910307416496
5996,103.05569739345155
5997,110.6456405404749
5998,93.47912103321954
5999,75.06236106525549
6001,109.90255197915728
6002,98.44045492477264
6003,107.55864730553802
6004,95.26783085116499
6006,112.22144702502274
6007,91.01117864685216
6011,99.20840081218029
6012,100.70591334529078
6014,93.52881065073595
6015,105.4708619282379
6016,94.38076274068962
6017,114.3347922442352
6018,98.4585136155724
6024,94.6657235464354
6025,103.7720058246427
6026,110.84323842658796
6028,113.84925425996198
6029,78.97329165157119
6030,98.24827039476006
6036,113.44796589816045
6040,92.79160703624554
6041,110.37689299646803
6042,92.96344343490657
6044,91.9829983344175
6045,100.44612993731296
6047,100.72165259167446
6048,94.7839055949931
6049,110.95409314451003
6051,116.14385124717
6052,117.84677312055743
6053,90.2401006854811
6054,111.03613803365451
6058,103.45073862608297
6059,92.72540834523535
6062,97.44764649620069
6063,116.35075070510797
6064,103.20949754232053
6065,92.79160703624554
6067,95.9029702496445
6068,111.71639558956272
6070,104.50140043809236
6071,109.61059084943778
6072,110.82957689906874
6080,110.82957689906874
6081,98.2435149162643
6084,104.65965915438548
6087,92.43239661195894
6089,105.80718655733776
6092,110.82957689906874
6094,96.43903292810386
6095,113.78455940156351
6097,111.730364464466
6100,94.98351967171763
6104,107.91566174410471
6105,97.74741426283961
6106,115.34291588724662
6107,81.11279798946177
6108,86.72702509152023
6109,110.82957689906874
6110,93.34430914691268
6114,110.82957689906874
6116,92.50900772825193
6117,104.4089600452055
6118,96.18722233690687
6123,77.94490912330176
6125,116.07341148027399
6128,101.7050783410144
6130,100.89416813999105
6132,111.73892789630378
6137,78.76461178374538
6139,121.71028544200409
6140,95.7376400051976
6141,109.86568699126619
6142,102.45276815255336
6144,117.85947901134675
6145,94.76070071333402
6146,91.14388262535743
6149,91.9758941904103
6156,100.83117840317652
6159,112.97179538700081
6160,95.7376400051976
6162,103.3720848348394
6164,109.50968946487194
6165,92.66084097678566
6168,76.69883059718651
6169,107.35280981097787
6170,91.09010623274784
6171,114.06886199145036
6172,94.3558435263782
6173,115.9791259283759
6176,98.2945976137153
6177,92.76109663517178
6178,93.58406671706203
6180,91.23450601653255
6181,99.09332197298514
6182,95.52333788811671
6185,89.76453265140316
6186,113.32987703319245
6188,117.57557750804324
6189,92.66237113158276
6192,104.65965915438548
6193,95.03072695458312
6194,100.44612993731296
6195,91.44604995943882
6196,115.439401195844
6197,97.84545449357421
6201,112.48395984790653
6202,92.45402876646389
6203,117.35712108396586
6204,97.32381758145128
6207,123.02723465048047
6209,99.6059724127606
6210,91.89930934343377
6211,112.15913890443517
6213,115.89848940949872
6216,94.22880348990672
6217,87.14554045314691
6219,94.51666132300508
6222,77.2179114980528
6223,95.72933247634664
6235,94.85634991445608
6240,94.70528553634738
6242,89.94544391185214
6247,92.92335026084777
6251,119.18063681789897
6254,111.61920083864683
6255,93.41696758885182
6260,100.29900086337778
6261,92.86543958933586
6262,101.812741991185
6264,106.99707167379569
6269,105.70444700042732
6271,109.75548284802562
6275,113.99062853846867
6276,97.98631138761726
6278,100.17231279518593
6279,110.50405223977825
6281,119.50746530308118
6284,93.43612925051215
6286,90.99717303687461
6287,72.99468954176129
6288,92.87505929216908
6292,91.50308750971678
6293,94.69014871672374
6295,80.22972794738807
6298,112.55375238148673
6300,109.78149398545932
6304,98.51212274304905
6308,110.81552252923284
6310,94.36905765416196
6312,110.82957689906874
6320,93.21869681705456
6324,101.01190540000916
6325,113.92922095193532
6330,96.37538144216526
6336,112.0769579775856
6340,106.86594078377544
6341,94.85634991445608
6342,104.65437344993762
6344,96.15577227775498
6345,117.18927417004156
6347,109.21027012934152
6348,103.58260228542716
6349,112.55375238148673
6351,76.89827457868621
6353,113.39500407166818
6354,94.91707256189162
6357,99.40261489105657
6358,101.85926384513715
6360,97.68323677936357
6363,113.53979613351143
6364,91.34511316861877
6368,113.94624233597752
6370,93.51523889673838
6371,93.8147264439001
6377,100.91039945607685
6379,93.03728221931203
6381,95.46460266941014
6382,80.07610614085414
6383,109.21027012934152
6388,109.88443141813754
6390,106.93708089952383
6392,97.872033865118
6393,99.2350868480504
6395,93.16972648982954
6398,102.51870936182277
6401,76.17506923598833
6402,95.52856996390061
6403,110.42627964564274
6405,90.76324348291763
6406,94.03288532615383
6407,111.94530837872432
6409,101.25467890814684
6411,88.28805992598382
6413,94.6649682017715
6416,101.14463551097073
6417,99.62120166383671
6418,92.15689927097856
6419,120.70955076749233
6420,112.69550374178517
6426,111.22519327913349
6429,94.71410537118996
6430,95.96436029552419
6431,110.42627964564274
6432,99.6059724127606
6434,98.17808353867319
6437,111.32701998769119
6438,95.22109441378575
6439,103.02622403509056
6440,95.3436080677044
6441,95.02411002223143
6442,110.82957689906874
6443,101.3806033721315
6445,94.00920428852285
6448,112.16770760978184
6450,114.61304547006407
6453,94.59846613354772
6455,92.0917941798904
6457,90.26095267474349
6458,113.94313457790246
6461,94.37297206016234
6464,111.14589090801056
6467,92.21587380751882
6469,96.28495638962352
6470,77.53222219554952
6471,95.7376400051976
6473,101.28956999501338
6474,93.80102690264448
6479,95.3491507318023
6481,91.57595092090125
6484,110.81701260265936
6495,110.5205193516293
6496,112.04513256512563
6505,113.67810288505068
6506,100.95891945854734
6508,98.2945976137153
6509,92.49588759084162
6510,99.7521336666334
6512,106.07218909518787
6513,92.70421002596223
6514,118.22321103724028
6515,94.52615907926784
6519,91.26161635450704
6521,93.61228134018658
6523,77.66941951103266
6525,105.11894521667625
6526,91.90977734811351
6528,96.55774573013329
6529,118.83889716102843
6531,99.0934850725122
6533,105.09954309828422
6534,95.3261934907079
6535,110.85089442185269
6536,91.91534351923231
6537,112.4568753521107
6540,92.06376736487849
6541,109.21027012934152
6547,99.74924988674951
6548,108.6955966170124
6551,114.69548662815515
6553,109.10155665342161
6555,104.65965915438548
6556,94.85634991445608
6561,77.68566050941712
6564,92.56818853689417
6565,110.85089442185269
6568,93.20933240185764
6569,110.82957689906874
6573,108.50502749856668
6574,97.10474972139863
6577,111.74742161829444
6579,113.53979613351143
6581,86.72700366561716
6582,109.04453884281955
6585,104.92358626866677
6586,94.19291252760175
6589,104.37050189916465
6590,76.48857269296477
6593,89.7253639891156
6594,113.32948403154587
6595,91.88827457452386
6599,89.8085400237974
6600,95.82966664321359
6601,111.60522410273138
6602,91.34511316861877
6603,112.16770760978184
6604,91.09010623274784
6607,102.61099224229733
6608,100.25688571133082
6609,94.04809981949828
6611,92.96522967486823
6613,110.82957689906874
6614,89.4951944845665
6616,96.31223144970342
6617,110.82957689906874
6618,95.26783085116499
6619,103.15342105369653
6621,104.65965915438548
6627,102.6347055684866
6629,107.54904888217482
6631,76.07627061836992
6634,96.24965818274633
6636,93.78486660303182
6638,93.20933240185764
6639,110.82957689906874
6641,111.10381349678781
6642,93.38430649687476
6651,113.61627440183162
6654,76.45626202994475
6657,97.742253267313
6663,94.24031897626345
6665,105.76505678754336
6666,93.50896044644546
6668,93.59962660823642
6669,106.3691909668218
6670,93.56775993249646
6671,86.34727414472064
6673,94.63466290712307
6675,93.74017327408737
6676,76.89827457868621
6677,93.23702229447002
6679,91.26036192189738
6680,116.26447026541221
6681,99.7521336666334
6685,100.44612993731296
6688,92.76472365157042
6689,91.44073691791515
6690,111.27738718619867
6692,110.82957689906874
6693,97.31371058015378
6694,95.25307984562511
6698,122.12180182491852
6699,94.17459125567422
6700,109.7382140087015
6701,90.26095267474349
6702,109.94377671633066
6704,91.44073691791515
6707,109.78998731250354
6712,113.69535782529194
6713,96.36940729847603
6715,95.43193926485651
6721,106.77449202056462
6722,94.51666132300508
6723,116.87653876163331
6724,95.65705575658647
6725,121.39563321621212
6731,115.22901535670339
6735,73.694465606481
6736,95.19021396667736
6737,112.85254154554963
6738,96.98916629769487
6739,103.76690970002264
6741,105.54353412816462
6743,92.47018042264432
6745,93.59962660823642
6747,112.00091408090546
6749,92.32197074948658
6750,105.34034924609875
6751,119.09552310284592
6752,100.31591374656261
6753,110.82957689906874
6755,116.49950151429314
6756,92.39091217492138
6757,100.08159166684027
6759,112.99939283275683
6761,90.49501240248638
6763,95.7376400051976
6764,117.64896677750352
6765,93.28419306050064
6766,115.94098763927462
6768,112.22144702502274
6771,91.44073691791515
6773,93.29314000228317
6774,92.28933818604067
6778,99.22656579088317
6779,99.47205112774944
6781,94.26027412343751
6784,96.57293553447616
6786,92.77634062146626
6787,115.43663840506422
6790,87.85776899687012
6793,109.74524456509432
6795,110.82957689906874
6798,112.81423351347433
6806,107.44288988585275
6807,96.56317679750842
6810,95.10540823313406
6815,115.57847752296982
6816,93.59252125841186
6817,100.84521883652178
6818,94.77005770930091
6819,100.72165259167446
6820,94.14092634832551
6822,94.90633835839401
6823,116.14385124717
6824,107.35280981097787
6825,90.80564701778056
6828,76.52138368874841
6829,113.82176852879512
6831,112.10437530812214
6832,93.54375286507377
6833,118.00298289162738
6834,95.7376400051976
6836,92.27556801610098
6837,113.69535782529194
6838,89.0285951418715
6840,107.25364486363046
6843,93.92430259224389
6845,90.30795674203239
6846,92.82516594433352
6847,113.15289899341117
6851,115.44026903597192
6852,96.60653885226733
6853,111.79717975809265
6858,99.07015024018972
6861,112.04570709139716
6863,111.60522410273138
6864,78.40958723720948
6865,89.29550083310725
6866,111.08374729201951
6867,97.38244437493918
6868,98.44751468851972
6869,95.96368494905292
6870,107.35280981097787
6874,113.2450707432526
6875,96.63991278094286
6877,113.20422479293643
6878,88.183259042501
6880,94.86454531731297
6883,111.71215127831377
6884,89.96326560829931
6886,95.5480766718632
6890,96.08104412880833
6893,112.25110082544685
6894,93.68082113026914
6899,113.20422479293643
6900,92.55483455772776
6904,103.41846450678543
6905,107.46445340277634
6906,90.06766160277333
6910,95.21582813068737
6912,104.2392333340992
6913,111.38712645013506
6920,89.38763191389654
6922,89.16871405887923
6923,110.82957689906874
6926,93.41026486823783
6927,111.56176587357791
6928,92.27537800034193
6931,114.96507462946357
6933,94.57077555668876
6936,93.69021584727876
6937,112.5559372809195
6939,111.71901368139206
6941,90.46345584038146
6942,111.81683625970001
6943,92.96617573372029
6944,100.55671476193703
6945,97.53176626359684
6946,106.36129841954062
6947,115.69780850231206
6949,106.33139567040985
6951,103.67205496342328
6953,114.45886024957493
6954,96.12123450410675
6955,106.54612638279573
6963,109.53175429299259
6964,93.9734246393352
6966,93.72334249653363
6968,95.54020298071204
6970,99.09332197298514
6972,108.88295775254647
6976,115.42795845227079
6978,111.08374729201951
6981,96.61743997286773
6985,108.16910321594982
6986,92.77987667621707
6987,105.34401835791519
6989,112.43877546854678
6991,116.14385124717
6993,123.18144943542254
6994,94.81775079596386
6995,110.04974837089019
6996,96.27888851840923
6997,113.44796589816045
6998,78.89582195580118
7001,114.0316252265484
7003,109.9654044213672
7006,94.12347544688743
7008,100.69956275624807
7010,90.04768659468229
7011,92.94493541339472
7012,109.24457179200503
7013,90.69323133557681
7014,112.07669273727157
7017,104.44277289025237
7018,94.62696662846758
7019,89.26402828569348
7023,95.26245394759991
7024,100.48021031142275
7025,92.18792248713397
7026,111.16164401257195
7027,91.05945595402653
7028,122.82154313249734
7030,110.82957689906874
7031,91.1208340568555
7033,123.26461710829966
7036,93.45912463741942
7037,91.22031828361537
7039,98.88836051489393
7044,93.21987626305936
7045,113.69535782529194
7046,102.39838532042845
7049,101.41137859434093
7050,98.40694744404385
7051,99.09332197298514
7054,111.60557093844047
7055,105.21872635324283
7057,86.57315243948004
7060,113.20422479293643
7061,98.4585136155724
7063,92.06959332754613
7064,108.38903503558012
7067,94.86454531731297
7071,90.15394340438229
7074,104.76065658661894
7075,93.63537978160484
7078,113.69535782529194
7079,91.44073691791515
7080,111.03250159143002
7081,100.47052335036437
7082,116.07341148027399
7083,89.82026249716247
7085,113.95925380993069
7092,100.11238166513225
7094,92.07210474420266
7100,86.42434551995201
7101,106.63532326509281
7102,111.08374729201951
7104,107.26463319593731
7105,98.4585136155724
7106,93.58462439195512
7107,102.41671403089796
7108,72.84036278342504
7109,90.00768026339594
7110,112.5559372809195
7112,93.4356800157645
7113,99.7521336666334
7114,100.28647139069832
7116,112.08357218355849
7117,98.24272714269065
7118,102.36082414636492
7120,96.17394908547647
7121,102.97413821747887
7123,100.72610162862006
7124,95.31848631700618
7127,112.83541226432206
7131,100.14092438015055
7132,94.77005770930091
7133,92.42497748142733
7134,111.22805918679191
7135,91.73655345676485
7136,108.68891840324505
7137,92.84022925128096
7141,91.20229044660499
7144,101.25467890814684
7147,112.92167872390259
7148,90.05133142932351
7150,87.12801601887568
7151,96.17394908547647
7152,100.66998451340672
7154,93.02098955357702
7156,99.31091448475516
7157,100.03735078177323
7159,116.35075070510797
7161,92.67892424017681
7163,90.95177055858056
7164,99.05354722361471
7167,75.43571912264638
7169,101.24083911733887
7170,95.3501316592821
7173,93.34412907284766
7174,101.63345990409786
7177,114.15918888075689
7178,105.80345673683765
7179,93.22548612043212
7180,75.42883690799914
7181,108.88626961730743
7182,93.98864543379412
7184,92.70421002596223
7185,115.22942688542159
7186,90.79703496628873
7187,115.53069647448577
7188,97.02610631792834
7189,113.70712688686032
7191,100.113959203675
7193,111.67036335457611
7197,100.37064776219047
7199,89.6661859193822
7200,116.07341148027399
7201,91.73655345676485
7204,95.22832358717157
7207,106.48973551593775
7209,111.60522410273138
7210,92.97904906906187
7211,102.71937837125171
7213,97.3752524200941
7214,113.44796589816045
7216,109.74400062755527
7217,100.60359761737031
7220,109.48334325728865
7224,110.82957689906874
7225,96.37951351869197
7226,109.74400062755527
7227,90.56325346480693
7234,115.22942688542159
7236,77.13216464219093
7239,102.91495056311342
7240,91.42319996145035
7242,119.08356057755951
7244,111.61996965865657
7245,85.69828467442456
7247,111.98695330992844
7248,88.13086513533568
7249,117.63884497210321
7250,109.44353400644856
7251,92.88997738800634
7252,114.4583340037509
7253,78.40958723720948
7256,95.3181281064348
7260,95.7376400051976
7261,118.83797327310822
7264,100.47859116247236
7269,110.31153090208724
7270,94.39017359293487
7273,113.2458211203438
7279,89.90133308954638
7281,110.50405223977825
7284,103.84707328330207
7285,113.86037827862116
7286,117.03799288367122
7287,88.46474932050529
7289,92.70421002596223
7292,91.49141261287667
7293,112.16770760978184
7296,93.75155502747168
7297,111.56185851134748
7298,93.8985326119406
7299,121.10729651797915
7301,102.22890531025746
7304,112.76496994313615
7306,117.24457324306852
7308,92.70421002596223
7309,104.09003718812258
7312,92.06519896604502
7313,78.40958723720948
7314,93.47239955876742
7316,97.05926669459484
7319,121.11346739266784
7321,96.839830937117
7323,99.48287614676379
7324,101.76185322581834
7325,94.27952691892857
7328,97.47952560660917
7330,76.71876650427402
7334,94.2473886659817
7337,115.22942688542159
7338,97.07101082495103
7339,89.26381630742497
7341,89.48806696728431
7342,111.32701998769119
7344,111.62020038491306
7345,111.79743620995191
7347,111.67036335457611
7349,110.50405223977825
7350,95.67770573242615
7353,111.560341772752
7355,110.20811510412263
7356,88.30537946923641
7357,118.35639370339479
7358,97.41504546596906
7360,94.72691076264667
7363,103.8608633509151
7364,94.6657235464354
7366,92.77132359791258
7368,93.5554865804607
7369,114.29953747180012
7370,93.28106992671968
7373,95.32418800774632
7374,115.12144157944333
7375,94.05885296105217
7377,100.35662724904614
7379,86.78760482544226
7380,112.62510732936305
7382,111.85540490729844
7383,95.75936555889248
7385,93.91584539085898
7386,105.93223267355889
7391,94.94099042509026
7394,99.6998947960274
7396,109.44353400644856
7397,90.32380230814142
7399,100.42474055347493
7400,103.92095530826157
7403,78.00385089589483
7405,112.5409418127036
7408,113.63767335705056
7414,112.22160735481003
7416,96.56347992347827
7417,96.71069661126421
7419,91.38922813595002
7420,101.12005996119439
7421,94.70901846032935
7422,96.04554620679144
7423,103.42073335107644
7425,76.40250861091435
7430,94.41536223281801
7432,94.00920428852285
7433,103.07238414464052
7434,110.66653817946387
7436,111.19290133654361
7437,90.1250237523161
7438,100.58346399298186
7440,102.37464108027987
7441,90.98951769872394
7442,111.14819367210949
7445,116.17386936079096
7446,98.92337112406247
7448,106.43554330223375
7450,98.76367712083706
7451,92.86543958933586
7454,119.28714830909155
7455,87.34632078796275
7457,112.32894632856026
7459,99.9745279525134
7462,93.98450699619684
7464,92.86543958933586
7465,104.57073108098065
7466,91.08505055757627
7467,107.28906404249253
7469,114.07963657812958
7472,94.81775079596386
7473,110.82957689906874
7479,94.2473886659817
7480,106.3868131420762
7484,110.52146705840471
7491,92.94656127666671
7494,104.14665009792337
7495,93.21485962685102
7501,93.13476398317414
7503,92.61396711905917
7504,99.7521336666334
7505,91.09010623274784
7508,109.87229760520482
7509,93.27720682942997
7510,78.40958723720948
7511,111.66523095951494
7515,91.60467270424581
7516,105.09042519344871
7517,93.25861939693479
7518,103.25128717731221
7519,92.99751423752177
7521,95.71444618916834
7522,103.18765994207689
7524,106.43529445374011
7526,98.03996143239841
7527,90.61273400164526
7528,103.51916856875579
7529,95.53912718049197
7534,105.23410390138042
7537,113.08408616019477
7538,90.443910356466
7540,95.9838083751207
7541,112.11742826868422
7545,109.21027012934152
7551,111.52576354500128
7553,97.80357046501206
7554,99.86784573131882
7555,97.06364543120179
7561,107.7348640590886
7562,102.95270726075535
7564,93.4893732088893
7565,103.4531043228072
7566,93.58376301876484
7567,106.90095843957116
7569,99.70439925714226
7570,90.84649828333326
7571,113.61627440183162
7572,92.28041170393962
7574,111.06862327608168
7578,114.03354274761
7579,90.67715788346487
7586,91.14718871793086
7587,90.85805224639662
7590,95.69464497913503
7593,110.82957689906874
7594,91.20648682341505
7595,93.58376301876484
7600,96.50011457552625
7601,79.15646727533323
7602,91.60790513201202
7603,108.48225436018242
7604,92.45893275486375
7606,93.72820659063527
7608,110.14400745166039
7613,79.13269145246585
7615,112.36864091541169
7616,111.29804641216698
7617,116.91069001440104
7618,90.61273400164526
7619,99.09332197298514
7622,103.97298924354791
7623,101.21091222677107
7624,94.39886309483032
7625,101.46472211460213
7626,95.03916715157159
7627,101.61479631839349
7628,72.81894769755266
7631,103.73478080678801
7632,100.44612993731296
7633,95.7547553717435
7634,112.6746771481178
7635,90.66642316313823
7636,113.44796589816045
7637,113.44796589816045
7639,96.13492177231444
7640,77.4493821054312
7644,116.07341148027399
7645,89.93352513378703
7648,102.72767928212154
7649,97.52251738033249
7650,107.35280981097787
7652,104.57073108098065
7653,91.73450744126197
7655,92.09958813957617
7659,109.33319980192422
7662,96.69685697298745
7664,92.84144414251693
7666,96.65461116269863
7668,94.7558702142145
7669,105.5937270715716
7670,92.61084186535622
7672,95.5378088857045
7673,112.90109602630007
7678,94.3108059375284
7679,74.84133170568641
7680,105.09954309828422
7683,95.27741280329076
7685,117.03799288367122
7688,94.62696662846758
7690,108.91909915619723
7692,93.69295109206752
7693,107.3112998405997
7695,115.22942688542159
7696,92.50695403268284
7698,93.28051706321935
7699,110.63483894160603
7702,92.397058504796
7703,109.74400062755527
7704,93.1757255507791
7707,111.66523095951494
7713,77.92977348757051
7715,98.55656487597705
7717,110.04406705528422
7718,100.57129732698107
7719,104.31315524372815
7721,113.75446702534201
7722,98.39397741479007
7725,99.61003714410555
7727,95.86848319261254
7730,76.07499763417205
7733,89.48853798939217
7735,98.92437099199448
7740,109.74400062755527
7741,111.23045586496349
7742,93.88373628796212
7744,113.72570192355587
7747,92.3956606423503
7750,78.29675661024477
7752,113.50158375747299
7754,113.77328946211067
7756,111.36267450011294
7757,96.03825731398808
7758,104.0419789809956
7760,105.09954309828422
7761,97.28788065595457
7763,106.84882885365515
7765,94.65977535335944
7767,113.44796589816045
7768,95.91860448871205
7771,90.79432343175174
7773,90.76915805589476
7774,118.01672146940123
7776,105.49057798775922
7779,90.58227480837725
7783,89.43719854266536
7786,106.36970055467447
7787,93.5948951532553
7789,88.77723289583002
7791,96.90766473766195
7793,97.54525236040747
7794,110.96573634558047
7795,88.68787109602465
7799,78.75181853544301
7800,104.01330961267527
7802,103.41527206163238
7805,109.7120203927513
7807,100.7345225263976
7808,95.13793813376103
7811,106.33139567040985
7817,111.29804641216698
7818,100.44612993731296
7819,93.52881065073595
7822,94.8385157640447
7823,109.81285505274214
7825,119.34824966355956
7828,89.53067958192358
7832,95.7376400051976
7833,80.41476565744686
7834,110.81233992299364
7835,96.8737135596408
7837,96.58705008373062
7840,89.92076028069758
7842,91.90606108117727
7843,110.41718295239855
7844,93.51499691189709
7846,97.28788065595457
7850,98.16757458205163
7853,111.10381349678781
7855,109.61933429790207
7858,92.90378344057102
7863,109.08665930522133
7865,113.69535782529194
7866,94.17215623317796
7868,93.90206480280274
7869,112.47862401405884
7871,75.43571912264638
7872,106.10585848899814
7874,106.18072628594409
7877,116.40151573443515
7878,89.93352513378703
7879,106.86956961611051
7881,92.71532138915953
7883,95.22172174725057
7885,99.65920122614172
7886,97.80357046501206
7889,98.0537343162167
7890,107.881245950889
7891,94.36021376959194
7893,90.99717303687461
7894,95.77433468080879
7896,107.35280981097787
7898,99.1342796396705
7901,92.54542040530252
7902,111.67036335457611
7904,113.49680206399469
7905,94.39462469607437
7906,112.68171061822717
7909,93.59962660823642
7910,101.10927711771467
7913,95.32814490673165
7918,115.37294160137711
7919,91.73655345676485
7923,92.2594207627381
7925,95.99917612399611
7927,87.33408860849251
7930,93.84117577146745
7932,92.74929054540884
7933,93.29129181838421
7935,94.45184059874332
7939,106.25574561326897
7942,91.38430831077683
7943,111.52459004117745
7945,97.4848692580265
7946,93.5554865804607
7948,98.67812379215992
7949,110.82957689906874
7950,93.02041140849585
7951,113.44796589816045
7955,101.79992450576134
7959,94.6657235464354
7960,109.74400062755527
7961,90.90024855033377
7962,100.78245331991855
7964,100.4426955499076
7965,98.68066971147968
7966,116.07341148027399
7967,100.96727100027346
7968,93.85038398660556
7971,104.71057017596947
7974,91.73655345676485
7976,106.12361451726154
7978,115.95223140381535
7982,109.74400062755527
7983,95.26783085116499
7984,100.72165259167446
7986,95.0563391424918
7989,110.82957689906874
7991,111.67036335457611
7992,113.66854758006671
7993,91.37686499961457
7994,111.08374729201951
7995,95.7376400051976
7997,90.85312249353858
7998,100.72165259167446
7999,111.29804641216698
8002,92.89793221598714
8007,95.88488270293999
8009,90.46493825267484
8011,93.20746301077645
8013,95.84975040477914
8015,99.75909955262814
8017,113.2623328710319
8019,117.03799288367122
8023,92.83818550821351
8024,111.32701998769119
8026,114.69548662815515
8027,88.7579586867173
8029,90.95177055858056
8030,112.46583256293775
8031,88.84030659062901
8033,92.5983986354251
8035,90.05206333256373
8036,106.08935983026024
8039,107.13289252709717
8042,89.76839596902641
8044,91.96904496665564
8046,80.43293009927409
8048,115.39668127691174
8049,94.39462469607437
8050,101.55400889454839
8053,86.94219784922824
8054,91.26003392058743
8059,96.51013391680019
8061,91.27623299336557
8062,107.79104863994388
8064,110.13622190312194
8066,106.11531903070683
8067,93.30958881935416
8068,97.20648083234141
8070,93.65257021000359
8071,114.04873796309883
8072,91.53828253680155
8076,89.8571739775706
8080,95.53043216745638
8081,115.7990423114265
8084,104.17614089200083
8087,115.45238324502034
8089,88.31957391251788
8090,114.87700258073744
8091,104.00059163550586
8094,130.02214088125598
8100,92.93996470151414
8101,92.7232342227637
8110,92.7452895093167
8111,111.67036335457611
8112,95.64354528904539
8115,109.92436006622053
8116,96.97789986256862
8118,110.13622190312194
8121,120.70955076749233
8125,111.23996406176408
8127,114.49981122103566
8128,90.13465291290264
8129,108.21712535845019
8131,103.60739500898202
8138,91.39056299553818
8139,102.90703233321545
8140,95.07055532008162
8141,90.76915805589476
8142,110.64978238584277
8143,106.75130460894871
8145,114.69548662815515
8146,94.52468668373598
8148,111.60522410273138
8153,110.64386490753515
8154,95.97523263620636
8155,114.26454876950437
8161,94.08635469898769
8162,106.07929186178018
8163,93.27720682942997
8166,112.95461422936633
8168,111.6366426098393
8170,93.48068738098661
8172,111.67036335457611
8173,91.73655345676485
8176,100.77731690524229
8179,91.21972659739242
8181,94.04809981949828
8182,115.79331459412346
8184,111.68865694673335
8190,105.09954309828422
8191,94.8465059025774
8194,114.9620198355755
8196,111.04159454542898
8198,110.25727135669287
8199,110.53855266753197
8201,111.61728726051592
8202,96.68975495123325
8207,98.68066971147968
8208,108.21712535845019
8211,105.28058482204267
8214,108.20175110410725
8217,92.51020332548109
8218,113.35841201727207
8222,92.28020726460161
8229,107.39126450323889
8231,92.71358606975937
8233,95.53799054499675
8236,91.79270760005946
8238,115.22942688542159
8240,100.80145569589405
8243,96.7884912993658
8246,104.97119079708224
8250,93.5823136931719
8254,98.39397741479007
8256,76.77299517648657
8257,105.78297353402584
8258,93.8253797701297
8260,94.62696662846758
8261,112.59171149622665
8263,113.2121198073595
8264,91.96346336866705
8267,108.70881540312348
8268,88.46474932050529
8271,88.4754231875261
8272,108.21712535845019
8275,97.01739845459329
8276,94.31957068458101
8277,106.87935829737486
8278,116.35075070510797
8279,96.68514056951837
8280,113.35921695321498
8281,96.88720959646976
8282,105.34155942727286
8287,114.97963034715681
8288,91.73655345676485
8289,113.8358362165556
8294,92.91456647276242
8296,91.28772138425882
8299,113.32862997659817
8302,101.25467890814684
8308,113.51995858659188
8314,101.80438767807661
8315,93.11821265216494
8316,110.60372490539258
8317,91.98905106114627
8319,114.3686373104045
8320,92.38937808770466
8321,121.60063376556633
8323,95.658447722734
8325,95.43741381980269
8326,110.23271185151981
8328,111.67036335457611
8330,103.20830947155783
8331,91.14530952160143
8332,115.42633568475361
8334,91.86927374541014
8338,91.18375530197618
8339,96.71131210103896
8341,94.63373424048699
8345,110.85089442185269
8346,94.04809981949828
8347,102.45689915139786
8349,96.38164734309166
8351,94.08635469898769
8352,116.57237475211944
8353,111.67036335457611
8355,118.3903026771799
8358,111.29804641216698
8359,104.05332518261372
8360,90.44623800335282
8361,115.48526775403288
8363,99.93954931754402
8364,92.20088899520348
8365,95.05074807609509
8366,99.7521336666334
8370,108.02970859602837
8372,89.1269188865721
8376,98.20837934011196
8377,113.42783694447976
8379,111.25564942455969
8380,84.65702977016785
8381,117.10631331845545
8386,91.72317121966427
8388,103.78743627965638
8389,99.5740259218255
8391,109.20862630446959
8394,98.39397741479007
8396,105.73002697483749
8398,110.05826401302677
8400,120.55019966974427
8401,93.45055479649251
8404,94.63373424048699
8407,96.04554620679144
8408,109.21027012934152
8409,111.65850519058655
8410,110.5246217491327
8411,95.19785015299178
8413,94.21682007632995
8414,110.49415706454084
8416,95.72589086506734
