ID,y
1,88.2995635307709
2,111.03096965931907
3,89.22109341307846
4,75.73262098426981
5,112.41939432474221
8,92.53513260048499
10,110.93270348389866
11,93.79571674742036
12,117.71230498393587
14,94.12960332505848
15,117.5995999953578
16,105.13994171441358
17,97.3806560840308
19,95.18641518467136
20,105.45035540311522
21,99.9301172223968
22,118.78876083515831
23,97.3806560840308
26,94.65543964043958
28,93.95756421030005
29,97.3806560840308
33,97.3806560840308
35,93.94326527368204
41,97.3806560840308
42,93.26274279727384
43,117.59257481372217
45,103.44401205190519
46,103.65068825431986
51,93.10761146992874
53,81.43813896775735
55,113.57851029454572
56,95.39868748442241
57,104.34960377787752
58,94.93871913727641
59,103.73699986246257
63,111.49538110875655
64,94.99765460433468
65,105.01901165015721
69,93.637117714879
71,96.11711206565583
72,105.30389865702332
73,94.2372488353153
76,103.80873605129308
77,103.11847562004088
78,116.94654968588377
82,94.37556778494708
83,105.01901165015721
84,95.91627658057263
85,104.00056467246776
87,111.75219953524305
88,97.3806560840308
89,111.39214104747474
91,93.16120166238007
93,95.71198851966761
94,103.76870855416023
95,92.157097212771
96,112.95488148469589
97,92.82796992443342
98,112.68735066277429
99,94.84983108414269
101,105.16691340414111
103,111.39214104747474
104,92.8859783006047
105,111.68502998847988
110,97.01138778264644
111,112.50238433549453
113,112.63071792224731
114,93.36586615803948
115,111.59095022175444
117,111.39214104747474
120,93.2301936535611
121,112.28670813360527
122,93.97892583363131
123,114.49157585631278
126,112.21981962359604
132,115.11296984528387
135,107.88571300041826
137,104.75443062607368
138,95.22388526863458
140,95.3355818994795
142,109.9449299372213
144,112.41315597850328
148,92.90544280836541
149,111.131195029103
155,93.9986489193144
156,112.3056268943788
157,92.82796992443342
162,112.58174078359727
163,94.35752014139007
167,93.33315073344583
172,117.59257481372217
179,112.85768057213856
180,94.58097433147276
181,111.85035402807726
182,96.18285067513322
183,111.39214104747474
185,111.39214104747474
187,112.24022620796357
188,94.22388171796219
189,93.12133476963453
191,92.77081377879827
192,110.5835743355024
193,94.17225862267763
194,111.38955267898996
195,92.5059173400639
196,110.61415725425138
198,96.0511302531076
199,112.57988554635703
201,105.03005192827601
204,94.88669159459859
205,105.25313852597378
206,95.23206294748057
210,94.63389920064837
211,105.16691340414111
216,112.79856785622171
219,117.71230498393587
220,93.4282354527108
221,111.69999593200444
226,111.85035402807726
227,93.00702510932835
228,112.17139251185131
230,111.82405626359731
231,92.82796992443342
235,118.78876083515831
236,93.83809119792811
238,111.76248548784744
242,103.65816717312309
243,93.11765188188788
244,77.24840920085701
245,111.0603940356943
247,112.27967614378167
248,92.53179565265823
249,93.52772715943716
250,112.1814636991314
251,93.83809119792811
253,118.78876083515831
254,93.30251858072216
256,93.46161243098722
257,92.15108076813387
258,111.65556917892818
259,94.96424213399783
262,82.59796927374092
266,93.98192819154194
267,112.11306638158933
272,103.72126628046185
273,111.39214104747474
275,94.551272392497
276,113.10847259091962
279,95.10344577873475
280,105.01901165015721
283,92.95075788291923
285,112.15707162560267
288,111.39214104747474
289,96.7217409542427
290,104.94969609903099
291,95.42606936833293
292,112.18109910388485
293,111.73211481487147
296,93.90857211792928
297,112.06822887178538
298,116.9217848570903
299,94.37556778494708
304,92.87023599717868
305,79.16825835632639
306,93.87583752192076
307,111.77887131669493
311,111.80157258491376
313,111.75003473223194
314,92.78484937860141
316,94.52024816419376
324,94.11838269129245
327,95.76879291638171
329,93.1187500117015
330,111.43823651181704
337,105.33250846669459
338,96.82764244319358
339,104.54423099133706
340,95.15954143306563
343,92.93595154462115
345,117.5995999953578
346,92.3691808163626
347,112.06332091056255
349,109.47936545438122
350,92.43691668613063
352,111.9338024097445
353,92.09688986333133
354,76.3683419170153
357,93.27282866778124
358,113.09476261305228
362,112.68435417127745
364,113.861245363651
365,104.97873416801775
366,95.54362402129567
367,112.01704993150254
368,94.49395434147738
370,76.3371094558604
373,94.95394526242458
377,92.5964235166937
378,111.63737614596579
382,103.80873605129308
384,112.17139251185131
390,92.62206991935076
392,112.48732029311466
393,115.84015300968596
395,95.63959058177885
396,107.17950616802852
399,78.31768953697969
406,111.75003473223194
408,111.75003473223194
409,93.17773701378925
410,75.76987319545702
412,112.59663686338752
413,92.0703263822277
419,92.66225616372333
420,113.53467514331443
421,92.46406674132835
430,99.13331014741019
434,93.2875068245014
436,95.01344553185787
437,95.44977515321078
438,92.81018296831522
439,112.06460722105157
440,95.17173037298771
443,111.15054919174025
446,94.70550946625892
448,92.94031882012942
452,94.30358568179538
453,103.5921402838125
457,104.4436589353333
458,93.14920817356351
459,116.90665861900831
460,103.90146044786823
462,105.11203234220815
464,103.58931767322677
465,117.71230498393587
467,117.87700346232639
471,112.32688544284912
472,75.85758541711927
473,93.74733497150417
475,94.58949765692874
480,96.00268359111708
488,111.53159509968351
490,111.77887131669493
491,105.43683589049994
492,76.6887834394814
493,93.48317360383575
497,92.26851562889675
498,112.10009946060705
499,93.63205613370245
500,103.41026093684327
501,93.35215365424236
502,112.1345523745326
506,78.47320266844984
510,111.20184205631296
511,91.64365892830064
512,92.93385663037937
516,93.70175829378893
518,92.38210833966917
519,112.43901941255554
521,91.94271944654808
522,111.93295649847242
526,112.38056348667345
529,94.88804424874075
532,112.14166234322651
533,92.96784387370063
536,111.74116849691745
537,99.5792664025061
539,94.19292339601066
540,105.13318540488315
541,95.2966594211258
543,93.33643975079991
546,113.01936235111965
547,93.71650116561344
548,77.8122654043845
551,92.8797676993434
552,103.84031556062553
556,103.68174453138533
557,95.62020185246614
558,112.01704993150254
559,95.51179511258232
560,105.05715878148246
562,105.19792564261995
566,94.65566929798082
570,112.10009946060705
571,95.44977515321078
572,105.01901165015721
573,94.2976501933653
575,117.71230498393587
576,112.00930481015612
577,92.53884083204272
579,92.40089279191508
580,112.41311365780523
581,115.15685891837516
589,111.77887131669493
591,103.31458899862128
593,95.25760050940707
594,103.95030381589413
595,94.3798097750556
598,92.80389823931802
602,112.5615870370554
604,112.22804972628992
606,109.53038423864282
608,95.59974767536674
609,105.16691340414111
610,92.8606578934757
616,112.2205032118432
617,94.3534527204405
618,103.24035341920448
620,105.72200637369522
622,111.37379518185517
623,92.19054451736578
624,137.4092780977341
626,111.96403059218835
628,112.19749042904309
629,93.49929992123661
630,111.82405626359731
637,96.50494791776121
638,104.79395078852158
643,96.66657289978751
645,96.00268359111708
646,120.22602356364146
648,95.59643234340324
652,94.53930159527079
653,95.45875662412105
654,112.10009946060705
656,112.60723725118237
657,94.02986097830757
659,94.83320726879919
660,104.97333917054428
663,93.0216751225643
664,112.25277560600259
666,102.89240261907942
668,112.23721007998275
669,93.13498944081113
671,94.69326116849027
675,93.59693987361271
677,93.63382294532009
678,111.02918643435963
679,106.07873566209089
682,95.96758176374578
685,103.45693156096858
687,94.83902753061402
688,92.40297016087143
693,112.09671779463669
696,95.78782274622736
698,93.87415547608602
701,94.84299583971732
704,103.15250961580863
705,117.74485160116235
709,112.5716767392545
710,93.38197650030848
711,105.11481758598774
712,95.45400125233192
714,111.92980377713985
715,92.82275856550649
716,111.77887131669493
717,93.14488237124648
720,117.5995999953578
721,92.77081377879827
724,102.08957466787555
725,95.10042366677571
726,112.04702360164909
728,111.62319857121518
731,93.04084675247455
734,105.56748235885311
738,92.67602845579823
745,111.67480809915486
746,93.04942020029632
751,77.29456530923868
754,93.4132032338988
756,93.78000451279358
758,93.45966303662382
759,109.71255105632095
761,119.01475443639185
766,95.5995474394119
767,113.59759341404421
768,92.19054451736578
769,111.39074053958113
770,94.68444357125317
771,76.6887834394814
772,105.02144596629773
773,92.78268036324656
774,111.96979085174321
776,112.17139251185131
777,95.31772320381909
780,117.59257481372217
782,105.13318540488315
787,103.19016350871803
788,94.19292339601066
792,92.12518246236817
793,113.2199705924029
798,96.59605109989636
800,92.79290631279156
806,111.77887131669493
809,112.41675515436854
811,111.39958827526694
812,92.39982185506616
814,117.71230498393587
816,103.56670187871829
817,95.53518156342564
818,109.22261921209356
820,110.51962898812435
823,93.16147918119212
829,92.17354737574689
830,110.37892052852285
831,91.20163826249505
834,111.92545821252041
839,93.38372608995104
841,77.10894507917621
844,105.49696876626584
845,93.03507382145159
848,92.87023599717868
850,100.64586621453074
851,103.89060202670825
852,93.5606945024903
854,92.38191236041459
855,95.5498900835157
856,104.49201537523949
859,103.76209894141483
861,111.96979085174321
864,92.88884671493629
865,111.93584982106464
866,92.62914976208397
867,92.37664783479246
869,94.45844155888703
871,92.42459347053699
872,111.77887131669493
882,103.03602879154138
883,93.2875068245014
885,95.40440846609086
888,96.10757786253421
893,111.84709628342291
901,110.89100950183823
903,105.43683589049994
904,94.08297546925795
905,104.25657098337905
910,96.00871812081165
911,112.7642492873932
914,111.70807540157541
918,110.80482001808382
921,91.90045525579706
928,93.59843584956664
929,104.35290858704887
932,95.81140764574546
933,104.56885921999503
934,96.00871812081165
935,112.12402588621288
937,77.45642360079603
939,94.37556778494708
940,103.38996739545969
941,93.99277791130207
942,103.38363915201461
943,93.89219750968188
944,103.93086911411108
947,111.77887131669493
949,111.93546050823207
951,110.77486631685666
952,95.94787959233341
953,105.43683589049994
954,78.04260522975133
957,112.24603191886001
959,92.12990890933173
960,117.31500382122441
963,117.71230498393587
965,111.77887131669493
967,103.05940328677525
971,93.1793202858086
972,76.67094507285488
973,93.88751126188681
974,112.13030033974422
975,93.93586520602729
978,117.31800088136305
980,112.01894919027856
981,93.95281820745949
984,111.72684761066897
986,96.00871812081165
988,92.19054451736578
989,112.19217628230041
990,103.66426363286182
992,110.89100950183823
996,95.36365170308218
999,112.5108290078973
1000,94.88717657402745
1001,111.93584982106464
1002,92.16473397959965
1003,112.17139251185131
1004,92.47868782242982
1008,112.17323825267489
1009,93.91798841833644
1010,105.48933580026154
1012,118.16661703652872
1013,93.8527063247226
1014,111.38377183824105
1015,92.34696691736639
1016,117.7408921188045
1019,92.65821999960953
1020,111.32758030532521
1021,96.00871812081165
1022,103.17117177094919
1024,96.00871812081165
1025,79.33883012326572
1027,94.36693090191069
1028,104.53305310765083
1029,93.01376897236553
1030,94.35043531893932
1033,112.39852911093254
1036,94.28401389201358
1037,111.71418578849637
1038,92.48243518603165
1042,94.37556778494708
1043,103.35733395360951
1044,93.49050300980431
1045,112.1598673521779
1047,116.83833711154182
1050,93.20839012219768
1051,111.77561357204122
1054,93.14920817356351
1056,93.95281820745949
1057,93.21496917602498
1059,95.11971751840183
1062,99.05132036117692
1063,103.09625009975613
1064,93.95281820745949
1066,92.98524696322754
1070,103.85119037748713
1076,112.09646470689536
1077,99.67958176353622
1078,112.57623637853088
1080,112.05161424711663
1082,109.87497628845577
1083,95.75237061295645
1089,110.02462477335193
1091,96.10757786253421
1093,95.09501733587706
1097,94.52718791279308
1099,92.69032571037316
1101,96.00871812081165
1103,94.23654861361508
1104,112.00511385261755
1106,111.07520361065136
1109,92.71962054926762
1110,111.32527565191013
1111,95.91962781441782
1112,115.26971829406372
1114,93.10761146992874
1116,93.05495640427243
1117,111.88861529311986
1120,93.1919087971348
1124,111.9855308858632
1125,93.31367158932488
1126,112.47587919662584
1134,112.29324775797079
1137,93.1538983702924
1138,112.10007406768166
1144,111.63616238087701
1145,94.3798097750556
1146,92.78484937860141
1148,94.4163008311836
1150,93.22182168575466
1152,105.49696876626584
1153,93.67721522113858
1154,105.22741276480302
1155,94.22388171796219
1157,92.23103916408712
1162,94.37556778494708
1165,112.56837871507116
1166,92.52571836255126
1167,103.34988704530538
1168,96.05391860985578
1169,103.76209894141483
1171,118.78876083515831
1172,95.42517326195517
1173,103.76209894141483
1174,93.49654502466771
1176,95.54546388314307
1177,103.83588553144064
1178,93.27282866778124
1182,112.20357377213567
1186,96.00268359111708
1187,112.48766242039083
1188,93.52772715943716
1189,117.59257481372217
1191,106.46644014529072
1192,94.3831670317332
1197,112.26535597464704
1198,92.73894305949098
1200,76.71151019801161
1201,94.2830002516543
1203,95.44722425139724
1209,117.71230498393587
1214,104.32832252438827
1218,111.52024659596788
1222,94.21258932311459
1226,95.52097268565825
1228,93.44101232452815
1230,94.13231232019628
1232,77.21326530010352
1233,97.93640062024635
1236,116.71941901825407
1238,93.30363571220107
1241,111.63616238087701
1244,106.23631833009732
1246,94.35464652862707
1247,112.03204507925322
1250,112.18934606605079
1251,93.35607474767747
1254,110.89016896331098
1255,93.4107072446184
1256,111.41262753523434
1257,92.98158426717058
1258,94.2264099106256
1259,111.72927599241743
1260,95.34409772114938
1263,111.68575770515308
1267,76.67387278593137
1268,111.84808513454036
1271,94.30524944015183
1272,111.84709628342291
1274,106.18104950533753
1275,94.37556778494708
1276,111.77561357204122
1277,92.4447370044494
1279,92.78484937860141
1281,94.90807185197616
1282,93.52772715943716
1283,112.74963963086435
1285,111.77094566084024
1286,93.37975939004298
1289,112.01454386178011
1296,111.93680641803743
1299,93.26779526406791
1301,95.36365170308218
1306,91.913789784083
1307,93.29763208226161
1308,92.23478667126172
1313,111.77561357204122
1314,95.06775497047393
1315,111.32527565191013
1316,92.89744079953142
1317,111.74677698757976
1319,92.92528399553842
1323,95.97429821293362
1324,104.91979764838185
1325,93.14786182561234
1328,103.28873720261657
1329,93.88390868625679
1330,111.96979085174321
1331,94.50297686773956
1332,103.97268395020635
1337,95.55030552179515
1338,110.93495975762694
1339,91.94271944654808
1340,112.43733159893746
1343,111.24049422268581
1347,104.89032076890494
1348,93.56437131210406
1349,105.61373187022129
1352,92.78484937860141
1354,95.69090226019574
1359,112.63860238128005
1360,95.98033274262887
1363,111.74677698757976
1364,95.78782274622736
1365,105.0735151960366
1366,94.50927549815596
1372,95.490367267682
1375,103.64514804817769
1376,93.20461299742966
1378,92.20723885113611
1379,112.72831906750135
1380,96.00871812081165
1381,103.76209894141483
1384,110.59510874557536
1387,93.26779526406791
1388,112.06519992036367
1392,75.7905933384673
1394,106.28163386081734
1395,93.83456720764855
1396,111.75003473223194
1398,94.2164648445188
1399,111.75003473223194
1400,94.09209240673003
1401,93.2414171873767
1403,93.23764521605905
1404,108.98990268931769
1406,111.75003473223194
1407,93.06964241897232
1408,111.68575770515308
1410,76.67387278593137
1412,111.77887131669493
1413,94.94805286589673
1415,95.17601961749247
1420,111.68575770515308
1422,111.52024659596788
1423,106.99456762971104
1424,111.68575770515308
1425,96.16492325618519
1426,76.67387278593137
1427,95.44722425139724
1429,91.70888443426064
1430,112.00688507446615
1431,95.3991447950103
1432,103.16559348539285
1434,112.72748949881621
1437,94.2005226427973
1438,105.79956265437862
1440,112.55426247318933
1441,112.4836650452062
1442,93.27282866778124
1444,111.47569934060877
1445,95.44702757695651
1446,105.20537651514717
1448,91.87903919157002
1453,93.3499746338984
1454,111.77887131669493
1455,94.3831670317332
1456,110.91083669126049
1458,111.77887131669493
1459,92.63105256400294
1461,94.68879113190054
1465,93.26779526406791
1466,111.91259669832112
1469,95.97429821293362
1472,93.3499746338984
1474,93.78562679111421
1477,111.4544503262588
1479,110.37693257266355
1482,94.66075805514926
1483,77.3258204580874
1487,94.4807193294811
1488,112.10009946060705
1490,112.03974152800417
1492,110.27839251623912
1494,117.55066965835574
1496,103.84717721250205
1497,95.12174870283998
1499,95.73387744158457
1502,92.916598848921
1507,109.28998676877131
1508,92.78484937860141
1509,110.40725097320426
1511,93.04942020029632
1512,111.04917484214504
1513,116.51064494080323
1514,105.29656074448091
1518,112.04690149978993
1519,92.18739713237309
1522,112.16927098920686
1524,76.65106023222673
1527,93.27282866778124
1529,92.74662609723777
1532,103.58679264351744
1536,112.28967939280473
1537,117.71230498393587
1539,104.83182183323855
1542,112.26305372917999
1543,93.20461299742966
1544,104.86673130693296
1545,81.55890057266623
1550,93.27715064590595
1551,111.5689756079625
1554,105.13994171441358
1556,105.49696876626584
1559,92.98158426717058
1560,76.35635092137866
1562,94.52808694522459
1566,92.34017335903285
1567,111.80635054233524
1569,103.5640879017274
1570,115.38065765620439
1571,112.31518466586336
1574,92.78484937860141
1578,105.13318540488315
1580,91.8265107343801
1583,111.29362502776416
1584,92.78484937860141
1585,111.21401847326553
1586,95.41341702644344
1587,112.17139251185131
1588,92.13492881265564
1590,115.46823758098907
1592,103.7532489754722
1596,109.57665902388791
1598,111.98670101855195
1599,92.99710477049588
1604,115.31419827814744
1606,103.0999021923494
1607,94.94805286589673
1608,102.95406463431854
1609,118.78876083515831
1611,94.77686600012565
1613,94.99453184803733
1616,95.93613953115202
1619,112.5943564848656
1620,93.09330943739816
1621,111.64761134718239
1622,93.65956194153014
1625,110.89100950183823
1627,118.78876083515831
1629,111.96451767668265
1634,94.62195152962167
1636,93.1747558002647
1638,103.48325207422116
1639,93.62035318668562
1641,95.42541401581325
1643,94.0264702917432
1644,104.08586668613812
1645,117.59257481372217
1646,94.48606510101884
1647,105.15600245953436
1648,93.77551781613754
1652,91.8265107343801
1653,112.45575563684595
1656,97.63198613685269
1658,92.99710477049588
1659,111.38955267898996
1661,95.76655288524537
1663,94.94805286589673
1664,112.21238122853073
1665,94.231480964748
1666,105.49696876626584
1667,102.23749607292037
1668,77.15460580274973
1669,102.75600771912318
1670,93.78650917179144
1672,112.46612424275564
1674,111.38377183824105
1677,112.10009946060705
1678,92.69757065305836
1679,111.93857508206447
1680,94.46333173362581
1683,104.25378374027447
1686,103.84524616391803
1687,111.52439259167744
1689,112.01704993150254
1690,93.13085238309384
1691,117.5995999953578
1692,112.37331029377818
1693,92.78484937860141
1695,93.22430902182151
1696,93.3499746338984
1697,111.43823651181704
1700,105.49696876626584
1701,94.67674669818456
1702,112.30734915397213
1703,92.32176898240289
1704,111.8890736008012
1706,95.53419823067279
1707,111.72684761066897
1708,93.79927028899759
1710,94.30321880786117
1711,103.83541451543347
1713,104.1474768932981
1717,103.80718445830823
1719,105.13318540488315
1720,93.27961905520678
1722,94.26673723421335
1725,103.72699773013514
1726,93.89204474275944
1727,104.70257991873368
1729,112.20633153402653
1730,91.90330149093252
1731,112.88051451965484
1733,105.49696876626584
1734,94.48436822040901
1735,111.52024659596788
1738,94.99453184803733
1742,94.95303984147542
1745,111.38377183824105
1747,94.81048404273683
1749,94.03573377801165
1751,93.88811665833008
1752,76.71861829178305
1753,102.5528436024738
1754,94.12889557831093
1755,94.58949765692874
1756,105.13354833211024
1758,112.9234911408201
1759,94.3831670317332
1760,104.94969609903099
1761,112.00480111641616
1762,92.50874911641075
1763,111.77805223536166
1764,97.97352822271974
1766,94.77484721856894
1768,93.13532793033562
1769,76.81979686923395
1771,112.22212334415356
1772,94.47730348753534
1773,104.06265548275957
1774,96.28211606374656
1775,113.76594594619375
1777,112.58803945907793
1779,94.3831670317332
1780,105.01901165015721
1787,92.32176898240289
1788,92.5545592721659
1790,93.88976333521096
1796,111.85171710878195
1801,92.52598962357375
1803,93.83513659925929
1807,112.23468767277626
1809,111.8352069711961
1812,93.06302732053899
1813,111.14212440975405
1814,93.85042794322032
1815,112.78036658452871
1816,94.07460812410567
1818,91.94961573185573
1820,92.18529710201253
1821,116.83833711154182
1822,94.77201895521581
1825,93.06245389270848
1826,103.79241299193676
1828,93.81816407346432
1831,103.16320033342042
1836,110.27295765086495
1837,93.26644960987184
1841,93.78562679111421
1844,103.42731542148785
1848,92.33208331258659
1851,104.83182183323855
1852,95.78029623585381
1853,92.79795054419495
1854,111.79614431339323
1856,94.5954100386166
1859,112.03937283285903
1860,94.11117653674077
1861,79.29450431861449
1863,104.55018217133555
1865,93.99277791130207
1866,104.8236674474403
1867,94.52522846942894
1868,92.24931196461812
1872,93.20130737376907
1879,95.6347654165022
1880,104.00056467246776
1882,93.3413440439873
1885,104.25378374027447
1887,104.15160522681028
1888,94.35224211553884
1890,110.81299146242952
1894,95.08069267735605
1895,103.41136869857539
1896,93.88498249730648
1897,112.64891184116026
1900,111.13116046235662
1901,92.98158426717058
1902,113.29898867033988
1905,93.0922170060918
1906,111.74040856247248
1912,105.43683589049994
1915,94.07770414527855
1916,103.94007383856977
1917,94.09636467666638
1918,103.85492650963789
1920,76.76283309567752
1923,93.97835533124349
1924,103.16080607160265
1925,93.75635176009767
1930,118.78876083515831
1932,111.75003473223194
1933,94.71058008045186
1934,111.53871136781277
1935,92.72125549829201
1940,76.67387278593137
1941,92.38185678359632
1942,112.58871191758925
1943,93.67818059419228
1944,91.79364085931245
1945,110.07010881471344
1948,117.71230498393587
1949,92.85335277615336
1952,94.50042694000378
1954,92.78484937860141
1955,111.68575770515308
1958,93.13549131584934
1959,76.80539542828656
1960,111.77805223536166
1963,94.63496836941593
1965,95.31656078956186
1968,104.0481266149291
1969,95.78782274622736
1971,94.90415638996576
1972,112.80646040938763
1973,92.32163166755247
1975,92.52561989014606
1977,95.78366675407293
1978,93.77698248610456
1979,112.30414074325009
1981,92.50418628687686
1982,112.55411198389439
1987,112.39647454105273
1988,92.34017335903285
1993,95.9749537198968
1997,92.47852927660422
1999,93.8562871924495
2001,94.99453184803733
2002,116.91622229243585
2003,93.45127852229791
2004,78.75091250380787
2006,112.3307296170298
2007,93.54246195042238
2009,105.38503258575744
2010,94.25668029436763
2013,94.6762592654553
2018,76.58162783384665
2022,105.11492366819651
2024,111.90337749562644
2025,95.24316122351345
2026,105.64164722653922
2030,105.45035540311522
2031,93.59870902225617
2032,105.43683589049994
2033,93.72141778531044
2035,93.02673104524081
2036,111.91108535435617
2037,92.80359088830167
2040,95.10344577873475
2043,112.77444298603726
2044,105.368231438852
2046,103.6467168746295
2054,114.1333341532089
2055,94.02307086197112
2056,105.01901165015721
2059,92.23608915818558
2060,92.98158426717058
2062,92.64821907011833
2063,113.09501286733826
2066,95.08069267735605
2067,111.80018961072011
2072,96.1684783102971
2073,111.75487817584603
2074,93.97012119427846
2075,111.45275937694099
2076,92.1633427094755
2080,93.19570505236278
2082,92.98158426717058
2085,111.42747299761179
2087,112.0048829702975
2091,111.83175070965981
2092,94.02185515020471
2093,105.01901165015721
2098,94.28030958824515
2101,111.77805223536166
2102,91.97885772631585
2103,76.67387278593137
2105,104.72196728524207
2106,94.2976501933653
2107,111.55155381369866
2110,94.30358568179538
2114,93.88169036313253
2115,112.1757037542289
2117,78.20626703714714
2118,94.19580623136942
2119,103.53110018554867
2120,93.95597323701463
2122,93.30175477530676
2123,111.74505717982639
2126,94.92322874398131
2127,104.71739722430777
2128,93.86323476095956
2129,112.0994044564261
2132,96.64800908494539
2135,105.14683430006103
2138,95.46236581803032
2139,118.78876083515831
2141,110.9040398305638
2142,92.39147029598551
2146,95.3193299697657
2151,112.94172947450154
2157,104.76007728297732
2159,111.5412693726448
2162,94.22388171796219
2164,117.82559359659112
2167,91.85296023377113
2168,112.26586141155792
2171,93.15068359884442
2173,95.01602204551058
2174,105.38555687380605
2175,93.38550882855353
2178,94.2372488353153
2180,94.99453184803733
2185,111.93378204433698
2189,93.05992314981674
2190,111.80018961072011
2192,103.69898493840036
2194,116.77088441677726
2200,109.77646280659812
2201,93.45275743128413
2203,112.34204088218131
2204,93.45514249717127
2205,112.94418700067659
2209,111.05656007430295
2213,103.58092323100958
2214,93.0889242823049
2215,112.94959553340439
2216,93.56982818142909
2218,92.39293864632195
2219,104.8271000137094
2220,95.98033274262887
2222,92.48152314470212
2223,112.36732940960594
2225,111.93475413417835
2226,93.87007245817543
2230,95.51541731439036
2233,111.82827398876253
2234,113.20646253631448
2235,93.45514249717127
2236,76.56007928799751
2237,92.93594451747205
2240,117.02579809358986
2241,92.82752371897202
2248,105.06446156739707
2249,94.49428033562212
2250,109.5898379083629
2252,112.19086677753604
2253,93.811068981633
2254,111.99329153545892
2256,76.4954286708752
2258,92.58506069338034
2259,111.45083347884693
2262,95.08069267735605
2265,94.19292339601066
2266,105.49630686093279
2269,94.9129087592438
2271,95.47407366313817
2273,92.90714086563005
2274,111.0326236253075
2275,93.672726614722
2277,93.52223937726824
2279,93.45514249717127
2280,76.48137016320157
2282,94.99453184803733
2283,103.37310880639089
2288,92.23261531922809
2289,111.08053321783345
2291,93.72047666183684
2292,118.98135983579628
2297,95.93365695046647
2298,103.81729663664149
2299,95.08118896462204
2300,112.41744388173153
2301,92.53124265951215
2304,94.02307086197112
2305,103.44070135932752
2306,95.08069267735605
2308,92.19029330391683
2309,109.88625562796916
2311,107.54194328986297
2312,104.95883792883753
2316,103.57374228834135
2321,103.83541451543347
2322,112.4561541562551
2325,104.30673458166164
2326,92.75920330080329
2329,118.98135983579628
2330,93.3212187559517
2331,103.72829406716232
2332,111.84440733135298
2333,95.08069267735605
2334,103.65692262302613
2335,111.41262753523434
2337,113.10557080421378
2338,93.89379297904416
2340,111.84440733135298
2342,94.45105940155781
2345,93.4900954831267
2349,95.50130326561069
2351,76.51989035733273
2352,93.80242531855231
2354,111.6493740266303
2355,116.37182364707265
2357,111.93475413417835
2358,92.66485722969857
2360,95.75062569434616
2361,111.6493740266303
2364,93.27282866778124
2366,96.08509528946534
2369,104.92787468531672
2370,95.30448406069351
2371,111.54010138914518
2373,117.52847367120424
2374,95.4478943060768
2376,112.17139251185131
2378,110.30203832107404
2382,95.52184340684946
2383,93.2051266856817
2386,103.17840604945475
2387,95.47335905029789
2389,93.33778465417424
2390,109.74202807634309
2392,91.45277179660697
2398,111.84440733135298
2399,93.78613430494046
2400,96.2867406595706
2401,111.27354918824372
2402,93.14920817356351
2404,93.32200248749093
2407,110.08425596094581
2408,110.77040440512799
2409,110.84835263241659
2412,82.79755985227526
2413,96.74126725324365
2415,92.58770698459546
2420,110.64317049892026
2422,95.46249007517389
2423,103.34015469413744
2426,94.02913159470295
2432,93.40135908056841
2434,91.97184018752365
2435,93.3793121265622
2436,112.35724933891811
2438,108.84719305523065
2440,112.20020533080549
2443,95.76597118454468
2444,93.01262947129835
2447,105.06446156739707
2450,95.02293283299862
2454,93.99995617153319
2455,112.9957701210191
2459,95.08069267735605
2460,111.02821462996062
2463,95.08458966208835
2465,93.69491910458798
2468,76.67387278593137
2469,93.45127852229791
2474,92.28551048501444
2478,92.34639485843581
2480,93.366836183326
2481,117.02579809358986
2489,94.99453184803733
2490,105.45035540311522
2492,92.72125549829201
2496,95.08069267735605
2497,111.84362417122024
2500,93.88727380732962
2505,95.10344577873475
2507,92.87261598941551
2508,112.94418700067659
2509,94.3534527204405
2510,81.12319356864334
2513,92.34699599118325
2515,94.99453184803733
2518,93.2051266856817
2519,110.4955377788824
2520,93.2051266856817
2521,111.7041093517482
2523,111.4679176403941
2525,94.07319496440664
2529,112.98093485909962
2530,93.39982930225368
2533,110.99753152646147
2535,92.52255184909846
2538,102.89620471411689
2544,109.67646852831072
2553,112.63117829555704
2556,92.7914208790177
2558,92.29093492105794
2559,118.35505223531821
2560,93.0709564870427
2561,111.88903719999249
2562,93.46153844227894
2563,113.56113853910018
2564,91.913789784083
2565,111.82827398876253
2567,104.6602795102013
2572,93.75119094587787
2575,93.73621541674899
2576,112.85086440370797
2577,92.2163616347208
2578,94.74060595805815
2579,112.42044062775065
2580,92.68200674932235
2582,112.04978084880807
2583,102.57992258562315
2587,92.4344423468493
2589,112.01116132670212
2590,94.76299164001563
2591,112.98093485909962
2594,94.24675739635221
2597,95.3420904451069
2598,105.11310630080364
2599,95.36496692599827
2600,102.3098366369511
2602,112.38290512039148
2603,93.75119094587787
2604,104.47490624600628
2606,111.2582318222705
2607,76.71861829178305
2608,96.1684783102971
2613,112.94418700067659
2614,92.58427937552227
2615,112.16797975141661
2617,113.28314302580175
2620,93.22182168575466
2623,112.39062146605418
2624,93.98938808809599
2627,112.94418700067659
2629,76.71861829178305
2630,92.83657131234352
2632,94.56328670123402
2636,93.48138588296177
2639,95.7731851398974
2640,104.76755652194385
2642,112.98093485909962
2644,105.14683430006103
2646,111.13433895271801
2647,93.85867894878176
2649,94.30104648999622
2650,108.30906399951559
2652,105.49696876626584
2653,102.35360484557235
2655,108.35077390763485
2657,111.84440733135298
2659,111.75003473223194
2662,93.12618039781438
2663,117.02579809358986
2664,95.57371723768871
2665,104.64459846793454
2670,94.65540573082625
2671,104.06750154169222
2672,94.1238132997053
2675,105.49696876626584
2677,111.47902447350684
2679,110.89231342018739
2683,112.53215383565816
2684,93.89846940029268
2685,95.1806745007788
2688,103.66322582859239
2689,96.0939877298044
2690,103.58259207528478
2693,93.7824547944141
2694,112.35082495099924
2697,102.35078624027993
2699,94.09543778182737
2703,93.40719927557261
2705,103.60132259431926
2709,79.37951402952594
2710,93.80594238353112
2711,113.44138940759208
2712,94.79025334179916
2713,95.87258541788174
2714,111.45972149920196
2715,92.00520713135036
2717,92.35650870152303
2718,110.9859356094653
2720,112.03804508663626
2721,94.30604921420004
2726,94.97831338321588
2728,93.03435535612775
2731,103.0524802350198
2732,111.63616238087701
2734,92.33864343497511
2736,105.47529900150548
2737,94.90971705387288
2738,103.26352378199546
2739,112.1929909427654
2746,92.57331240123536
2749,103.7198437129069
2751,117.59257481372217
2752,103.3676229199905
2753,93.50940961916315
2757,105.38503258575744
2758,93.773024663744
2759,112.04525910733585
2760,94.60428779365803
2762,112.14763629467926
2764,94.16892290521552
2765,110.81878134994196
2769,112.62797418410634
2771,113.82638170801076
2774,93.26477364028023
2776,92.53486836358913
2777,110.95721434714429
2778,92.98158426717058
2779,112.33374022142863
2782,92.38535784920339
2784,93.22566714261663
2787,94.08405484229053
2789,94.97706053883113
2792,95.2963615948538
2798,95.38442346867163
2799,105.10809162513782
2800,94.34928520602944
2801,78.74672028590922
2802,93.04243071680362
2804,93.52923626412135
2807,105.0735151960366
2808,95.4578400558559
2809,117.77129044172061
2811,117.10350806407511
2812,93.60241526154522
2814,92.37296182184008
2816,94.46569144033798
2817,112.22997640611652
2818,110.6292262525174
2820,111.67271173173525
2821,80.94822882594124
2822,94.84569092719019
2823,104.30046619061086
2824,94.13263694276486
2826,92.97635142748783
2829,95.1028345371733
2834,92.96691830766154
2835,76.40923268755944
2838,96.13886735435487
2839,111.80239655115739
2840,92.09635581831122
2841,110.81579147533728
2842,95.08069267735605
2846,113.95662730728417
2848,95.81054022652303
2849,91.33984358840245
2850,111.45972149920196
2851,94.37556778494708
2853,92.97438698167613
2854,112.98093485909962
2858,113.9534362156633
2861,95.98668313866193
2864,92.72125549829201
2865,117.02579809358986
2866,112.01293130909637
2867,92.02754013617219
2868,112.52198616552985
2870,112.22107248054749
2877,94.35187708569734
2878,112.94418700067659
2880,112.00728832035054
2882,76.91071501150087
2883,95.26582005257745
2884,103.90384660239681
2885,92.93996169219108
2887,94.99453184803733
2888,111.98523774870293
2889,94.82511324684879
2890,105.18529741106775
2891,107.59609006629513
2892,117.7408921188045
2893,93.89643064396955
2898,112.75846004173899
2899,94.96084809644287
2900,113.00219994529385
2901,93.90544643071927
2909,96.03884863837243
2910,112.2845131201622
2911,112.2769539145258
2913,110.57164233093705
2914,97.34471236081083
2918,93.48391962239285
2919,112.6081958543048
2920,93.80502462707611
2921,112.94418700067659
2922,95.96492368945785
2923,102.70637667573855
2925,110.74473394175827
2926,92.14266545057781
2927,113.3352098470181
2929,112.04690149978993
2933,93.26185117114177
2934,111.72092434010435
2936,111.77066518169237
2941,104.88108640323003
2942,93.68901381756994
2943,111.0685471687323
2945,103.53729273522399
2950,92.4231533824071
2951,111.99876163398271
2953,114.39317704548667
2954,95.67268408985045
2955,103.53519223780869
2956,95.51663564822664
2960,95.46434055131192
2962,93.59318573819489
2963,107.21405226646436
2964,105.53543187727175
2966,76.57985678874716
2967,94.06827975268563
2968,111.45649057186345
2969,92.52561989014606
2971,92.65238770692146
2972,95.93365695046647
2974,98.48516530079095
2975,111.20436441244303
2977,117.55066965835574
2980,112.92505410336167
2981,93.50485324298006
2983,95.61128644430191
2984,105.40112025281746
2985,118.98135983579628
2986,104.09318659469365
2987,95.93365695046647
2989,93.80944737391899
2990,112.20675247487931
2991,94.38283959524217
2992,76.81979686923395
2995,102.35078624027993
2996,103.83229784102299
3002,112.54206103818555
3004,112.58062063552356
3005,119.01475443639185
3006,93.91848266777471
3010,95.45325402086567
3011,105.43548416808459
3014,92.14266545057781
3015,93.2321119322676
3016,94.2005226427973
3017,109.04567140157728
3018,92.2595408287097
3021,103.36694779362955
3024,105.11310630080364
3028,92.27993171026479
3030,92.98158426717058
3032,94.19990437429274
3039,93.88498249730648
3040,104.33009032904764
3041,95.33167679882905
3043,94.17487471958438
3044,112.01729218721661
3046,110.98499693348563
3055,92.1586985042687
3056,112.05402957957041
3058,92.8360750064723
3059,109.73677285801399
3061,117.71230498393587
3063,104.45857830582533
3066,93.80658726917102
3067,105.11310630080364
3068,76.25362741432824
3069,94.30604921420004
3072,116.66293322231729
3073,112.54084514511659
3074,94.8041406647127
3077,92.56466211454197
3082,94.4821324521144
3084,102.35078624027993
3085,111.02078544704302
3088,105.14683430006103
3091,92.38740158623298
3092,113.65481001008588
3093,95.02586664965244
3094,103.0524802350198
3096,111.53871136781277
3097,91.90330149093252
3098,77.02557543109812
3102,116.7548432410107
3106,93.4561286152229
3109,93.48269472379461
3111,91.63398659633793
3112,119.01475443639185
3113,94.64033083736334
3115,96.1684783102971
3116,112.08524183627271
3117,94.27525481033292
3121,111.29718346849177
3122,93.07271770447971
3123,93.88727380732962
3124,105.03005192827601
3125,94.2005226427973
3126,103.13381964456684
3127,117.5995999953578
3129,92.6481128841941
3130,112.75557742942148
3132,104.41693996463941
3134,106.93339899667916
3135,94.8764523061619
3137,76.67388826914869
3138,94.57053994208476
3140,97.5178047694207
3144,111.05453536651002
3145,95.65136566616948
3146,112.16797975141661
3147,94.62977181350287
3148,104.4163325809094
3149,103.46129323800197
3150,113.07184973601039
3151,93.80987650805822
3152,93.76232958470531
3155,100.07372635922802
3156,111.45972149920196
3159,92.40674086958929
3161,95.73363205728913
3162,105.00012865193527
3163,95.5411529869602
3165,103.21068870181969
3172,93.20664985426761
3173,112.17588975259046
3176,95.08586175015894
3177,103.84222580516177
3179,111.20436441244303
3183,92.06388025345224
3186,93.84261568774502
3187,103.83543827046294
3189,112.37778592532096
3190,93.02451289397511
3192,117.5995999953578
3193,93.20664985426761
3194,113.04264315867319
3197,94.30524944015183
3198,93.97928732855831
3200,93.72233231933798
3201,118.80295290214744
3202,93.97928732855831
3204,95.10344577873475
3205,92.83596017238607
3206,111.45619653907183
3208,103.13196036661657
3210,103.23880479357511
3211,94.25580513817792
3212,117.71230498393587
3213,92.81481062327812
3214,111.84808513454036
3216,105.18529741106775
3219,94.43581892020443
3220,110.56633417335047
3221,94.64033083736334
3226,110.36448711751616
3227,96.18976158358142
3228,110.7946216522547
3229,93.8274388858649
3232,76.67387278593137
3233,94.11407784120787
3234,92.76958346150737
3236,95.26901362619685
3238,112.91363412561572
3239,111.86892550144427
3240,92.27292042169
3247,112.08862998684243
3249,104.03471270717408
3252,118.7437097009008
3253,95.52852900212561
3254,105.4213909105444
3255,94.62587269479432
3256,114.10641893065379
3257,93.33786825134293
3262,95.23475916956643
3263,105.49696876626584
3264,95.51663564822664
3266,112.88673857291721
3267,96.45020757390064
3269,93.32592167005404
3272,118.98135983579628
3274,94.30524944015183
3275,106.49639419228888
3277,95.6126429845318
3279,95.41214566440394
3280,104.51319881789054
3283,95.31524486224544
3285,94.99453184803733
3287,96.51003453379941
3288,105.11310630080364
3290,105.20058552714673
3291,92.95288590147639
3298,112.4384191463016
3299,93.50311462820349
3302,111.55054117513036
3303,93.62264747923415
3304,104.98324891272311
3307,92.27549231726506
3309,92.36417051868585
3314,76.37330660073798
3316,112.62062668093314
3317,94.04247189251308
3319,94.0030887457258
3320,112.40911499513211
3321,93.9187099514128
3322,104.006481547606
3324,92.40089279191508
3326,94.11646569897266
3329,110.93113624040231
3330,91.913789784083
3331,112.2062016175787
3335,117.7408921188045
3337,95.53997640113364
3338,104.23520556652498
3339,95.94299226169825
3340,111.75413398872567
3341,94.33293200328372
3343,93.71521528514407
3346,92.36064275554126
3348,94.66125145548567
3351,105.11310630080364
3352,119.13463339621882
3355,92.47080845422542
3356,112.1913953976703
3358,106.85300670214194
3359,95.78029623585381
3360,110.52979720489755
3371,110.89141157347983
3372,94.59741510467049
3374,96.40203217254127
3377,110.88613422564413
3378,91.25208441864967
3380,103.92091545765011
3382,95.81627490037246
3386,93.76364119619389
3389,110.50997299333346
3391,103.45903304743817
3393,94.37778468774535
3394,103.79218750300998
3395,93.92360125464458
3397,112.94418700067659
3398,95.50160745747431
3399,82.1167357658231
3400,94.52718791279308
3404,103.8530304704725
3407,112.22475980786099
3409,103.979317375446
3419,95.58064364843604
3421,93.8139564889248
3425,95.51134858415455
3427,79.47530337148713
3428,118.98135983579628
3429,112.29030321127362
3431,92.10569708741168
3435,93.22406871781405
3436,111.25132535828253
3439,96.75858944463178
3441,94.91649329567922
3442,118.98135983579628
3443,95.23475916956643
3444,103.73137204693207
3445,93.52975576055647
3446,109.77438364438332
3449,92.98158426717058
3453,92.3915891664899
3457,94.25302763304174
3460,105.15156941181077
3461,96.5303875250668
3462,93.3499746338984
3464,104.45857830582533
3465,76.25362741432824
3466,94.49241418307331
3467,104.29998404386231
3468,95.59479710288949
3469,105.15421703878606
3470,102.6011897291672
3472,112.98093485909962
3473,93.02808274246705
3475,92.67592786712
3476,112.6152038303374
3478,104.79996079339053
3479,95.68596401815553
3483,92.84962641720718
3484,103.67993159199203
3485,95.09671778054782
3487,92.85951977615363
3488,112.14266044932792
3496,112.03019897657471
3497,94.82380298247513
3499,95.3991447950103
3500,76.52323614230959
3501,93.73621541674899
3504,93.84029842790461
3508,105.01901165015721
3511,92.346339210037
3512,113.13040118442106
3515,93.03824615747476
3517,93.64497474137895
3518,102.63703046301517
3526,111.66389150077651
3528,127.42648724474445
3529,93.40126449723033
3530,112.33684080608809
3531,93.32675704232585
3532,109.95453101188625
3533,93.5207236833029
3534,94.42176743525069
3535,75.83438479416388
3536,93.73594219593281
3537,112.25814162562037
3538,92.84777181603205
3539,110.80540010937563
3540,102.93149076534388
3545,111.93636974700382
3546,92.44263313805973
3550,103.8572826508687
3551,93.36951269341124
3553,94.608869733671
3554,105.15156941181077
3557,92.93594451747205
3558,112.35826768450909
3559,92.98158426717058
3561,93.67589456694692
3562,112.94418700067659
3563,93.1644006072328
3564,105.11310630080364
3565,93.52975576055647
3567,92.73940645429977
3571,105.11310630080364
3572,95.6478632834886
3574,95.64443821263865
3576,93.36018621339853
3577,111.86926985017881
3578,93.70640808227134
3579,93.26309887730112
3583,94.59975783077165
3585,96.43906166211866
3586,103.49716126085562
3587,111.85171710878195
3593,93.35309261872327
3594,109.55616166928829
3595,93.88498249730648
3599,94.83902753061402
3600,105.49574849225836
3601,112.98093485909962
3602,92.98158426717058
3604,94.78781520837903
3609,118.66331520389637
3610,112.26704692199408
3612,111.97490082029698
3614,113.59695904398743
3615,93.47237827281971
3617,95.8107093053233
3618,112.05903600106078
3619,112.89556507013633
3620,112.32736717650933
3621,93.14605102834392
3625,95.29788136343342
3626,103.6824027304941
3630,103.74524098106751
3631,96.39275581626494
3632,106.36739462013199
3633,94.02318304326627
3634,112.11306638158933
3637,92.67817820592924
3639,93.64912112211634
3640,112.38710278195603
3641,93.64482019070253
3644,112.06067751280949
3645,93.48412529132266
3646,93.16663569583577
3647,92.32312372290706
3648,112.87688626719212
3653,112.17549190407492
3654,96.29741854998711
3655,113.00470403664106
3659,103.24585594007551
3660,95.93078626443756
3662,110.84935809343018
3666,93.0441084962136
3668,96.12693875192828
3671,93.23788237544841
3673,92.66135748791676
3674,112.04101300715554
3675,92.6683708721601
3681,93.12345211397594
3682,112.56097127600732
3686,111.84808513454036
3687,92.19680512778355
3692,83.05947020385555
3695,112.4855314204453
3696,93.21302102689648
3699,113.63964718845776
3705,116.13586927950921
3707,76.67387278593137
3708,93.92900001356924
3709,112.7363635031709
3710,93.3413440439873
3712,94.41036184728334
3715,112.15368679058945
3716,93.16724613150258
3720,111.06013905179213
3722,76.67387278593137
3726,94.58122496517244
3728,93.13795115318419
3729,111.80222426274054
3731,103.32080016280409
3735,113.2049238782359
3736,95.87461706371715
3739,103.41921096497583
3741,111.84716646918349
3743,103.21330240529117
3744,93.88976333521096
3745,112.49179834368687
3746,95.2532087577297
3751,92.70475160283839
3753,94.3943102122083
3760,112.1314770991721
3761,92.5843930220259
3762,110.8837505593086
3763,92.94640245378545
3765,93.43519153210511
3768,111.98819498781943
3769,93.26556609873103
3770,103.07993432024772
3773,113.2395518886764
3774,95.53220242449845
3776,94.75174666922578
3778,93.3148854951958
3779,111.50893207359664
3780,92.20052871556977
3781,110.29105750817345
3782,94.17323835029244
3783,113.22245406155899
3784,94.28742823655985
3786,94.58122496517244
3789,110.4104822445833
3790,94.42254522775153
3793,112.63140195686626
3795,112.00728832035054
3797,95.41678032571112
3798,118.98135983579628
3800,111.25132535828253
3804,95.73781046535235
3810,94.6934576255032
3815,112.40203891194767
3816,95.73781046535235
3818,105.17304176735877
3824,112.98093485909962
3828,105.57124530298445
3830,112.54226869732221
3831,96.20909949617673
3832,76.71861829178305
3834,112.2885953857087
3835,93.46557107401013
3836,112.59283253968029
3838,94.99453184803733
3839,117.71230498393587
3840,113.11354860234543
3845,93.47586084639597
3846,111.75003473223194
3847,93.64497474137895
3849,76.56963812800306
3853,112.06689443221192
3855,105.01901165015721
3856,95.25229916973758
3864,80.04475858198161
3865,94.10359084563657
3866,112.35164154346094
3867,92.98305598514479
3868,111.25132535828253
3869,95.439420686065
3871,94.09862103869345
3875,105.09260271223003
3876,93.67302485255327
3878,92.83100885896893
3879,112.10173301025623
3881,111.25132535828253
3883,111.04124168759822
3884,92.95652944212031
3886,111.30967953029976
3890,95.72236510693448
3893,111.71513102900703
3897,105.30250095781511
3901,94.53112582458859
3902,111.77805223536166
3913,111.40331910972972
3914,93.70995843506381
3916,92.83813670642355
3917,112.19629723725805
3924,104.61638240442217
3925,95.55410454884169
3928,95.81577831497638
3929,112.17944324855227
3932,94.39211408913086
3933,105.18529741106775
3934,76.74719211163305
3935,92.72125549829201
3936,94.09851703267816
3937,111.75003473223194
3938,92.46271113917963
3939,112.59283253968029
3943,91.73481574213302
3944,112.98093485909962
3945,112.21098121119883
3946,93.58056587127824
3947,112.52716511476187
3948,95.45698609267683
3949,112.91363412561572
3950,94.34682167362492
3951,111.22028502927874
3952,93.3499746338984
3953,111.24160254928165
3961,117.12939087291122
3962,92.95928998380657
3966,94.47353789606639
3967,103.30834803723927
3968,95.59462472398468
3969,112.75691287626694
3970,95.5498900835157
3971,105.45035540311522
3973,94.18032181377005
3974,113.15515332807516
3975,112.26850272194694
3977,97.70993393466846
3979,113.17091184470699
3985,95.63549557498548
3986,104.80245506480118
3988,112.57761294676965
3991,94.90971705387288
3992,104.95116624642066
3993,95.17294493976215
3994,94.98280336582663
3995,112.51602986640236
4005,112.54077014955436
4007,93.48209574223685
4008,103.39992973776853
4009,95.84544075170432
4010,112.082696847826
4011,76.12013262766834
4012,92.8750328893979
4013,104.83182183323855
4015,111.33894610444864
4016,112.3863441171927
4018,111.20436441244303
4025,94.231480964748
4026,111.45972149920196
4028,112.12927063124621
4029,95.49482541264285
4031,92.92451008399277
4032,112.37869708930963
4033,94.22739885085993
4034,104.13535625138829
4037,94.82210803289743
4038,103.10112151987471
4039,92.8309344255829
4041,95.27360113319591
4042,110.71593851660161
4043,95.47089016931403
4044,105.18529741106775
4045,92.37746278550672
4046,114.12370907354334
4047,95.03798302695758
4048,105.33981887935664
4049,94.1143569946896
4051,92.9985303181981
4052,113.2311612551119
4058,105.15156941181077
4062,112.93214748859555
4064,113.08876346536441
4067,93.24960829455742
4068,76.53547287553417
4070,93.01452490075864
4072,118.50884005380908
4074,112.18235273188603
4075,95.15808757497632
4076,112.49800646711967
4077,93.06890411211269
4078,111.3451801016362
4080,105.18529741106775
4082,111.0449115280525
4085,93.75119094587787
4086,111.49957932843358
4088,111.45972149920196
4089,94.98045233413602
4092,76.24048816341055
4094,93.77151294819946
4095,112.64803628592644
4096,93.88638806278782
4097,103.5086801027839
4102,93.21865519409315
4105,109.33346097726273
4107,111.91002646608595
4111,94.54367245112965
4112,103.27008072088445
4113,94.42895903980995
4114,118.9325018996199
4115,92.45355000795041
4116,112.25797947930992
4117,93.36803724603986
4118,95.48747977724555
4119,111.76011715820898
4120,93.07010363721481
4122,77.74777685667476
4125,93.43521087077052
4126,112.4049920595123
4129,112.17139251185131
4134,113.00938906853116
4137,93.66357766992218
4141,103.53112411551206
4142,94.88478235742774
4144,94.99453184803733
4145,104.61638240442217
4146,97.76663151273553
4150,93.702189571262
4151,77.65890725523576
4154,93.24960829455742
4156,93.6859220595462
4157,111.97616562357864
4159,112.3863441171927
4160,93.30824427581635
4161,111.50893207359664
4168,94.05963763205003
4171,104.28080625199001
4172,106.67033504582453
4173,95.5103921889152
4175,92.1404905992896
4176,105.18529741106775
4177,94.99453184803733
4178,103.76997091924142
4179,95.58130353357485
4181,110.62351039996265
4183,95.49482541264285
4184,111.32738723257553
4185,92.86205109739005
4186,112.12349717397282
4188,119.56781475726137
4190,112.37338066335494
4192,92.46764999205743
4193,111.46371883842282
4194,113.3352098470181
4195,95.60666378205028
4196,76.71861829178305
4202,95.51663564822664
4203,103.37684277707959
4208,94.78339978400324
4209,113.12288319415684
4210,94.01808609774079
4211,110.95414102282415
4212,118.98135983579628
4214,104.79996079339053
4215,94.62977181350287
4216,112.27576553712304
4217,92.89488410127092
4219,94.51019880278838
4222,111.75003473223194
4224,78.54121002297121
4231,104.62430570532202
4232,95.49482541264285
4234,94.21826503828157
4236,94.99453184803733
4237,105.11310630080364
4240,94.86073097781
4242,105.14252503095652
4243,94.82752144389106
4247,93.6297824806899
4248,112.45774237682522
4249,92.61885181517253
4254,103.65004250440339
4263,94.15631960138545
4265,112.61230777942097
4267,111.92684329590668
4268,112.16120619970292
4271,112.5965561042577
4272,93.99277791130207
4273,112.61598659934029
4274,92.50302940830285
4276,94.72935142733043
4278,94.19292339601066
4280,95.33444231144317
4281,112.90510423052424
4283,94.2707677058822
4284,112.15907619567346
4285,95.85444018222698
4286,111.19165842188764
4287,94.87281629991278
4288,115.25494474530952
4289,92.42912053361248
4290,82.80908182491204
4293,93.2493006789017
4296,109.34499138347142
4297,92.80898970683262
4299,92.26442867141293
4303,113.81245658157616
4310,96.11285848363869
4312,104.24530765365785
4318,105.11310630080364
4320,110.86387128979705
4322,93.4441020612434
4323,118.93314265238179
4325,104.80065384322067
4326,112.28964343270984
4328,104.9684504323834
4330,104.36403690956259
4332,112.56860451784674
4333,95.70976679800634
4335,95.1672846815358
4336,110.96341705712423
4338,104.84254570753558
4341,94.9635372649706
4342,105.63301329354077
4344,105.15156941181077
4347,96.3028795877453
4348,105.14683430006103
4351,108.16278541320946
4352,93.49470281384036
4353,111.51523387316134
4355,103.80152720741953
4356,93.75119094587787
4359,105.17474107369782
4360,95.61128644430191
4361,93.56247008817307
4364,95.42478947973083
4365,105.06213205435675
4368,94.71258038745437
4372,93.6155744753478
4374,91.58955414471666
4376,94.14624368912958
4377,103.69114688317869
4380,94.0271390643143
4383,107.65840777708424
4384,94.19292339601066
4385,102.92933878923033
4389,93.24056482769245
4391,93.15497262380704
4392,111.01791199113266
4393,92.38915023461465
4395,92.1274047583181
4396,112.94418700067659
4398,114.04799937803227
4399,109.40694518845443
4401,92.29610484370441
4406,94.4950486996186
4408,104.51336771095154
4412,105.14683430006103
4415,94.57569305945948
4418,111.49655949307635
4419,91.58955414471666
4420,76.21351935672557
4422,112.98093485909962
4423,91.58955414471666
4425,95.18802177315646
4428,110.39370779505356
4431,111.13032810294517
4434,92.41865607839664
4436,93.68449676991655
4437,111.92061176676509
4439,117.71230498393587
4440,93.39515629695401
4441,112.83654201967745
4444,95.58859019428988
4445,104.79996079339053
4446,94.83620102023663
4447,112.88167397339832
4452,103.39590409165699
4456,111.94050030400419
4457,93.52975576055647
4458,110.47051700367989
4460,93.75119094587787
4461,117.83984417487535
4462,93.30465724700957
4465,102.64186129091348
4466,104.35440695600522
4468,96.88635904405513
4469,103.79926215969607
4472,110.66340847166123
4475,94.64539716866773
4478,92.75296932011338
4479,111.97427531288709
4480,94.41708475458877
4483,76.69865219154003
4484,92.57586802933349
4485,104.43757961472711
4486,95.5498900835157
4488,93.51325168497772
4489,103.62725586128745
4490,94.01027208980999
4491,105.22786670194353
4492,95.53518156342564
4493,110.21861149539778
4494,93.14686570707413
4495,103.16686802862455
4498,76.67388826914869
4499,94.86449307208657
4500,104.64419431156864
4503,111.97770673936542
4505,102.5866484075598
4506,95.03920710709065
4507,94.75316482963042
4508,105.11310630080364
4510,112.56837871507116
4511,91.85192766680953
4513,95.69090226019574
4516,76.57919877198886
4519,92.89609702327562
4521,95.42485627327075
4531,93.43622573081497
4532,77.16285557199191
4533,103.25129352054033
4534,112.76997628605585
4536,105.11310630080364
4537,93.52975576055647
4539,96.25923237963117
4542,103.37549325915293
4545,92.47196246626909
4549,92.65468447752187
4551,93.79722551570713
4554,103.9113444716327
4556,113.47222739468025
4559,112.9196568112914
4561,112.54964157053642
4562,111.60931702481939
4566,114.35305417568009
4569,92.95288590147639
4570,112.94418700067659
4573,94.63786730495868
4574,103.77448677394943
4575,94.57602466392004
4577,94.5696972820913
4578,111.75003473223194
4580,112.17256501531588
4582,94.63799455415463
4583,112.98093485909962
4585,94.1109373642517
4587,105.11310630080364
4595,93.00422456948033
4596,112.64466281957475
4601,93.39200049411991
4602,112.48160219278492
4603,93.85995600073338
4605,111.45892946694198
4606,92.45671795923064
4607,112.69653784053565
4608,93.19140666640897
4610,96.13240814509366
4613,103.26722082299972
4617,92.67446874829763
4618,111.68575770515308
4619,92.3682264535751
4620,94.97321671815868
4622,102.36925651681779
4625,93.75119094587787
4626,105.11310630080364
4627,93.79927028899759
4629,92.80406423884874
4631,92.42064384413823
4633,105.11310630080364
4634,117.74367351059395
4635,92.65971888451564
4639,93.44170188863495
4640,105.04620177865351
4642,103.65378792005653
4644,111.29010917332592
4646,105.11310630080364
4647,94.95395308828124
4648,77.87945172566003
4649,93.11104228975428
4650,113.3540796033602
4655,92.65468447752187
4660,94.0604297967601
4661,115.70391200614101
4662,91.43559785225277
4663,113.429527571142
4665,93.32793560235186
4666,112.05479474558524
4667,103.75887158514576
4668,94.73066596038016
4670,92.60061379090689
4671,110.36473006769292
4672,94.44359002169745
4673,103.85066638931694
4675,103.92947279274637
4676,93.9384096919702
4677,110.12811232436098
4680,95.80055056357278
4682,94.25200197436051
4683,113.70761384846001
4685,105.14683430006103
4686,93.84704566094925
4688,113.22245406155899
4690,110.63910601738925
4692,112.40156371010278
4693,92.55813142641458
4697,92.65468447752187
4700,111.88934281275218
4702,111.52705031304053
4707,117.7408921188045
4708,93.75119094587787
4710,82.77550242477463
4716,99.21420973307758
4717,95.30216769781315
4718,93.1708420565264
4720,95.70642035720802
4721,82.66790530085284
4723,94.82006673647761
4726,112.16307359599018
4727,91.87549546129844
4729,93.0374316559868
4731,93.33208687592712
4732,113.0982369675379
4735,95.02928707305034
4736,104.56788526860993
4737,93.85995600073338
4738,110.87613085455371
4739,111.80075870380105
4744,104.25657098337905
4747,93.09130066458732
4749,113.06599187499543
4750,93.75119094587787
4752,112.98093485909962
4755,95.69876508681236
4756,103.18582746673054
4757,112.98704679167696
4758,94.05120569682278
4759,104.8856371715755
4763,95.45677863712059
4764,105.34885235684645
4765,93.5949662061969
4766,92.63226848588154
4767,112.91819324407291
4769,112.0798802742803
4770,93.32867097807964
4771,81.8625724820673
4772,105.11310630080364
4774,113.3352098470181
4776,110.90954798626679
4777,112.87525215480044
4778,95.78055005442766
4780,93.48134267756399
4784,93.32920014291618
4786,94.86156527820661
4787,76.49450941411926
4788,94.99401264163319
4789,112.98093485909962
4791,105.59656820885495
4792,94.25579146232613
4795,112.3236291603338
4796,92.46738292926057
4803,92.1980195189764
4805,95.79657608332538
4807,94.46152305014121
4809,92.75792624877784
4816,93.32770559030764
4817,79.42036591592235
4818,91.68860315499123
4820,93.03507382145159
4821,103.92630456702524
4823,112.50581429378356
4824,93.75570440908993
4825,112.02864038118297
4829,102.1738412192438
4830,95.51663564822664
4831,112.95666501539138
4833,105.21727363671931
4836,93.60443532064518
4837,113.22245406155899
4838,91.48449428304318
4840,93.45694026036001
4841,76.53553672847758
4842,91.4920168025496
4843,112.50866633853819
4844,92.70993442575994
4849,108.62164198505862
4851,104.22617443658008
4852,93.49392052649206
4858,92.77755913845947
4860,95.51663564822664
4863,112.44411401532972
4864,94.2209164870646
4865,111.76592887934717
4867,111.14007066038789
4868,91.908866191244
4869,112.3109557647461
4873,91.70464260301613
4875,95.73054285380822
4876,111.50609250992143
4877,92.68635408722984
4878,111.6493740266303
4880,76.63406684095835
4886,113.89443735416899
4888,104.20895394083922
4889,95.04875716705486
4890,113.19314237056172
4893,95.63913377419385
4895,94.54318707477805
4896,105.14497396559587
4899,93.95433125989096
4901,94.9884702746502
4902,111.91883294337725
4903,93.27375736559702
4904,112.98093485909962
4910,92.41738752827996
4912,92.30790344666254
4915,96.1451982122128
4916,103.44042983384148
4917,94.78822771977529
4920,105.11310630080364
4927,103.8326272723295
4928,92.56006481833822
4931,103.85751091703423
4934,92.6356010059903
4936,94.28102097672533
4939,113.8831914502802
4942,113.39976284344685
4943,95.73781046535235
4944,103.78913601518943
4945,94.64465227847853
4947,111.6461162819776
4948,92.37133203652814
4951,94.63786730495868
4952,112.98093485909962
4953,92.59477397757706
4956,93.27375736559702
4957,113.3851177941537
4958,93.7308855389834
4960,93.9764939959227
4968,94.03694890593928
4969,104.44161148232236
4971,103.49012823678592
4973,113.29846198859522
4975,112.2697537562445
4976,93.73371714931734
4978,92.82748063546897
4979,111.27600258985993
4982,93.50809096428762
4983,110.80206993104449
4984,97.12332785386504
4985,117.83984417487535
4986,92.67746527317662
4987,117.12939087291122
4988,95.58859019428988
4994,94.90955576416455
4995,95.33790098821007
5002,80.22012166633405
5004,93.8677317454168
5005,103.47243178056108
5006,94.99453184803733
5007,103.58580922778597
5009,111.75487817584603
5011,113.29846198859522
5014,95.46236581803032
5015,103.2249144685289
5018,93.27135564237615
5019,112.26853548700805
5020,92.71640924376337
5021,111.8383866453436
5022,94.03782068947422
5023,92.5387893917127
5025,95.71520291925685
5032,93.02845444440862
5034,93.58228418220867
5036,92.58902698888573
5038,93.53294289584784
5039,113.038786421917
5046,95.86616602263318
5049,112.26853548700805
5051,94.13020951685768
5052,91.97841381635392
5053,113.3352098470181
5054,95.53220242449845
5055,94.17987596642413
5057,93.52975576055647
5059,93.6945897579403
5062,97.63000683198264
5063,112.5187733595999
5065,114.03354499335865
5069,93.6241783609789
5071,95.55045856548693
5074,111.91148365048228
5075,92.14266545057781
5076,115.15123752052585
5077,76.53547287553417
5079,102.86889832945619
5080,94.42403184027636
5081,113.18570620313625
5083,103.15968804621586
5088,105.84647345408675
5089,95.89975232338377
5093,110.84099009422546
5094,104.33926587338114
5095,97.63320451287255
5099,109.31678755519583
5101,111.81803237573973
5103,103.60083681464634
5104,94.3361974405188
5105,111.96479859597359
5107,92.58434089402711
5108,112.53165634669621
5109,95.52011287403303
5111,92.83385965635726
5112,111.63616238087701
5113,94.75459081048302
5114,110.63370695419574
5115,93.30824427581635
5118,96.21430104820277
5122,95.53220242449845
5123,76.47492028897366
5125,93.82355681401587
5127,105.2169254752681
5128,95.63768322901753
5129,116.54994386558332
5132,94.99453184803733
5134,111.20787536479428
5135,94.26313348150705
5137,113.14872290713666
5142,92.74537786342374
5143,102.91599974388542
5144,92.76377891763148
5148,92.60821173163818
5149,94.01466378991528
5150,104.61638240442217
5154,76.25362741432824
5155,93.9677428600143
5159,93.19505949973554
5164,95.05966443146825
5165,112.57967088579699
5166,93.01552836089918
5167,111.59934700682165
5169,93.02481809802471
5171,92.32733108590254
5172,112.30734915397213
5176,94.27959068963024
5184,111.67429371136116
5185,93.31367264257896
5186,110.83750868292773
5188,104.63094344126033
5189,111.45989455871076
5190,93.11258994949178
5191,112.57967088579699
5193,112.17139251185131
5196,94.07204525995833
5199,75.87667170037327
5200,104.51520455057387
5203,91.43862865185542
5204,111.77805223536166
5205,92.46926911382756
5207,94.9341288319685
5208,105.4373844856422
5212,96.04639130376097
5214,93.27565434482841
5218,92.31167805391544
5220,93.49900641362132
5222,92.13760933252459
5224,96.01967009927331
5225,105.11310630080364
5227,111.46683462265328
5229,105.01499114312058
5232,91.78249408928284
5233,118.9132271291066
5234,103.68668716707776
5237,112.94418700067659
5239,111.67563681192478
5240,92.15715726553526
5241,112.26853548700805
5244,93.00363051874679
5248,112.40524019079876
5251,91.99967684506024
5253,93.80226584637971
5255,93.94972397702195
5256,104.36438177585808
5257,93.7847562167099
5259,95.93978571864619
5260,113.09980137295787
5266,93.44934464159536
5268,93.07917791693433
5275,113.18570620313625
5276,112.77242076453847
5277,94.49995917529041
5279,93.9834074493774
5280,105.09260271223003
5281,93.88390868625679
5283,97.24241199244234
5284,76.67387278593137
5285,95.33790098821007
5286,102.84984049725264
5287,92.93247852600253
5289,93.32525834075832
5290,112.17139251185131
5292,107.29641077443996
5293,94.46033989367892
5294,103.34829484893373
5297,92.93385663037937
5299,105.02989123961744
5302,93.56724254499011
5305,76.16908387111201
5306,93.78650917179144
5308,92.5685320294728
5309,93.4249477119523
5310,113.55874857089825
5312,111.78587193869126
5316,113.33283032482132
5317,94.88755175343717
5319,76.27514037556095
5320,95.71520291925685
5323,94.48374922134549
5329,111.1822319627269
5331,111.71365105371002
5334,112.03998741919698
5336,112.13030033974422
5338,105.12741888257497
5341,95.42812450191607
5345,95.14726528381273
5348,93.14908538740245
5349,112.07321121853502
5355,104.83649224403524
5356,93.71719894699052
5360,103.86939304249874
5362,111.38284098946025
5364,112.5132105452642
5366,104.75998718446724
5367,95.84305266542162
5368,94.99600326256682
5370,95.85355780057097
5371,76.45440135651616
5373,103.5857927046339
5375,112.94418700067659
5376,91.57829192630632
5378,112.49799095235481
5379,95.91910533826763
5383,94.67414408183915
5384,102.72000590096116
5389,111.77135165666367
5391,76.51110782732349
5393,111.91205579344371
5395,113.6224893677892
5397,112.26832195531698
5398,92.73439111518904
5399,113.12793876983669
5401,119.0107925066959
5402,92.4425907804373
5403,112.784619232809
5404,92.74142861711346
5407,76.71861829178305
5408,93.08744291415461
5413,110.70930453744384
5414,94.97425772776892
5417,93.90297119649983
5418,107.29641077443996
5420,112.56868815666392
5421,92.24948038715738
5424,95.28394071545213
5425,111.77805223536166
5426,93.43452201260858
5429,112.23436582007173
5431,95.19635215417722
5437,103.22213337690053
5440,92.3967076746736
5444,105.79415357931607
5446,103.26498280680507
5447,93.68222674728722
5451,93.23982797150357
5452,102.9483427011976
5455,103.68668716707776
5456,94.48340175924434
5458,93.1131836977822
5459,110.70261127039275
5460,94.87749142867848
5462,93.8579862188396
5463,112.6613657608507
5464,92.89102016515969
5465,112.2675411696649
5466,95.53495676375722
5467,103.86636675809775
5468,95.6724407590464
5469,113.429527571142
5472,93.7796948808803
5474,92.79737298343466
5475,114.58225043023951
5476,95.31609075262624
5479,105.05345425412737
5480,113.2311612551119
5482,110.57719156014369
5485,92.60487433901719
5486,119.00612466458982
5488,76.95910012385453
5495,105.01499114312058
5496,95.87550114531503
5497,112.03019897657471
5499,112.68435417127745
5503,92.75932089574735
5504,93.36458073339446
5507,95.5103921889152
5509,93.56759665848908
5511,92.97423110609516
5512,112.6005145662855
5516,112.87688626719212
5517,95.52444311845923
5518,104.70945830804143
5521,94.94881862445843
5522,105.20763016324466
5527,95.6857020522631
5528,95.02122431197039
5529,111.46271272280892
5532,95.76387489347798
5533,111.12873900182377
5535,105.11565907750509
5536,103.80844932443246
5540,93.00676896286781
5547,93.74586113014959
5548,112.33684080608809
5550,76.91071501150087
5551,92.6123918693638
5554,112.35428280000359
5555,95.09960413759256
5559,111.55696716879807
5560,93.02226522858882
5561,112.91728752018716
5562,91.60477856065216
5563,112.81781883911185
5565,76.0685103183576
5566,94.00733206156183
5567,103.81378417502603
5568,94.17893346396184
5572,93.96912693715456
5574,95.49918198246267
5576,95.04108506343128
5579,112.36198512859583
5580,75.53643665644081
5581,93.47211378578349
5583,93.46513220060244
5584,112.48775087755685
5586,112.29510620979535
5587,93.26009853906619
5589,103.2348473504365
5591,103.54023961545795
5592,92.77738384838364
5593,111.44656062773151
5594,94.40323895531422
5595,75.45349252328974
5596,113.22245406155899
5597,111.49308999617759
5598,117.7917281776794
5599,94.64465227847853
5602,113.29792230851824
5603,94.40323895531422
5605,92.31471312275406
5607,93.77151294819946
5608,111.36776035677894
5609,92.4207557366975
5610,92.45355000795041
5612,92.89840133594585
5613,111.45989455871076
5614,92.43031607310319
5616,94.63448080644622
5621,94.73102105547524
5623,95.17483108446237
5628,116.82528928549304
5629,94.46366976899789
5631,96.15008497941605
5633,109.63199593020785
5638,104.67418116328939
5639,96.72249213136676
5640,105.28722754189747
5645,93.27458886682412
5646,76.87096141334057
5649,94.08760100327063
5653,110.8354021125624
5655,112.50188994314875
5656,94.18087365191059
5658,94.70550946625892
5662,119.01475443639185
5663,92.21297421410779
5667,93.04465118073998
5670,94.64465227847853
5671,103.14632273349702
5672,95.21168573303665
5673,103.7945557530842
5674,94.72935142733043
5675,103.30320200925725
5676,95.08069267735605
5679,113.26790911353434
5683,112.02339652405142
5687,94.36693090191069
5688,76.24048816341055
5690,92.83848092510466
5691,112.19265744005132
5692,91.61490931060142
5693,112.29500533062998
5694,93.9552337914427
5697,112.13645283243353
5698,92.4979970922923
5699,113.15515332807516
5704,93.13571759081964
5707,113.26790911353434
5709,103.1854874958443
5710,93.68249642752326
5714,92.98255581980948
5718,94.28996387810712
5721,94.38227330746055
5723,93.49038890802221
5724,114.03354499335865
5725,93.75119094587787
5726,111.22966950931037
5729,95.71600022976936
5730,104.75245983153677
5731,93.06397875560587
5733,76.4053376792155
5736,92.336721763521
5741,104.41434103765165
5745,112.28174713276249
5747,95.20634169970431
5748,105.56539126293491
5750,112.40289123469356
5751,95.05197785439478
5752,94.4323268587425
5754,92.38054491210556
5755,93.33261812800312
5757,94.01901753397466
5758,117.62674136434055
5760,105.47627789589939
5762,103.71655325661308
5766,110.5674832456852
5768,95.73781046535235
5769,118.74019483026025
5770,93.61451237538166
5771,111.79617022089005
5772,92.19755362317544
5773,109.99025672519603
5774,93.98747149005041
5776,92.43537072314822
5777,113.15515332807516
5778,92.61487485577078
5780,113.038786421917
5782,92.6172752899008
5783,76.57360542314868
5784,95.51663564822664
5786,95.05666967575222
5788,95.19191380613472
5789,111.51523387316134
5790,94.46443297911182
5791,105.01499114312058
5793,104.55741963035013
5794,92.82268884251975
5796,117.71230498393587
5797,94.78784266971395
5801,92.54872173107204
5803,94.36693090191069
5804,112.22251058052065
5805,92.79779586715846
5806,76.37330660073798
5808,112.3236291603338
5813,93.14920817356351
5815,94.41150631022175
5816,106.85403820569798
5822,94.0223223128544
5823,113.11840546965179
5825,104.00956406692801
5827,112.39820675700368
5829,103.22683935603138
5830,96.00464257073777
5831,110.82665657959515
5832,93.08550885343556
5833,112.3236291603338
5837,116.90688000030177
5838,93.36048406464582
5839,95.31293260471851
5842,105.28722754189747
5844,111.80783238526034
5845,103.89690765426204
5846,114.55623843008303
5848,76.55971540069396
5850,111.94013893239598
5851,92.12584369620535
5853,95.73781046535235
5854,104.3334869700262
5858,105.28722754189747
5860,111.90966403810667
5864,104.2118495751151
5866,94.92846799661886
5867,113.26790911353434
5868,92.22702954570607
5869,112.43909037725267
5870,92.8973942619263
5871,111.1017708864526
5874,112.57967088579699
5876,112.08669653463826
5877,92.03721541638289
5878,92.48964418600455
5879,112.26853548700805
5880,91.99692367832877
5884,92.67319113481923
5886,111.77805223536166
5890,103.65198679551128
5896,94.29788850215226
5897,103.77353891353623
5898,95.73781046535235
5901,104.43190021139758
5903,113.3352098470181
5906,92.45355000795041
5908,113.2311612551119
5909,92.40357786616632
5910,111.45989455871076
5911,93.07330592094368
5912,112.5132105452642
5914,112.57967088579699
5919,113.29846198859522
5924,93.74112880571181
5926,94.43627881518077
5929,105.43339377930951
5930,94.97250267018764
5932,95.79657608332538
5933,113.35919979382709
5934,93.09026175849087
5935,112.04050124226691
5936,92.63195305781291
5937,112.0349394136405
5938,94.00446682900005
5939,109.81450069997551
5942,110.32840303228568
5943,93.51260886681342
5944,104.64539245726624
5946,112.91363412561572
5951,91.49594265536234
5953,103.48573957147376
5954,93.16147918119212
5957,104.7695300442214
5961,95.3555022036477
5962,104.83182183323855
5964,77.3597420200351
5965,94.75856661736121
5968,112.57967088579699
5969,93.3477930264689
5974,92.40785938830045
5975,111.4995368907311
5978,76.53553672847758
5981,104.70945830804143
5982,96.74530158019722
5983,112.50854868348446
5989,110.4085452598517
5991,93.78444529005685
5992,104.8507016515571
5995,96.42782195951048
5996,103.69772827013203
5997,112.05652265640359
5998,93.29394690746938
5999,77.18659487247997
6001,111.76507695359102
6002,94.28714251069692
6003,109.89234939743783
6004,93.16147918119212
6006,112.60989235709286
6007,93.37642729804011
6011,104.15939630012676
6012,104.45305425253513
6014,93.07330592094368
6015,103.4052507187551
6016,94.41606528477136
6017,112.15590945049448
6018,95.73781046535235
6024,95.08069267735605
6025,105.24061668250191
6026,114.22213356634934
6028,111.50557279488599
6029,76.74316696477267
6030,93.90029453748338
6036,112.57967088579699
6040,92.79779586715846
6041,112.16307359599018
6042,93.01305234328194
6044,93.74261260828563
6045,105.01499114312058
6047,105.16916705223812
6048,94.89952804881618
6049,111.15849288378746
6051,117.5995999953578
6052,112.12170328317853
6053,91.71003675826029
6054,112.24051759417895
6058,106.19014738982601
6059,94.8789931833334
6062,95.71520291925685
6063,117.81696382478965
6064,104.01742654191051
6065,92.79779586715846
6067,93.55410760117047
6068,112.5506729938093
6070,103.86164901704097
6071,104.61854398357711
6072,111.77805223536166
6080,111.77805223536166
6081,95.16363657237798
6084,104.7387068714733
6087,93.51202497831534
6089,105.48887524870051
6092,111.77805223536166
6094,92.37103684434591
6095,113.22245406155899
6097,116.05519415690723
6100,93.15750099105928
6104,104.2590502758162
6105,92.27415780859849
6106,110.20574378618339
6107,77.38860546412141
6108,93.08134854918768
6109,111.77805223536166
6110,92.63105256400294
6114,111.77805223536166
6116,93.74982032411897
6117,104.89048307437655
6118,94.99927843051637
6123,76.6129403603024
6125,113.3352098470181
6128,111.83942852063201
6130,103.78860854960479
6132,111.18500491206672
6137,76.54815258242824
6139,113.50716916668846
6140,92.74142861711346
6141,115.97023553228001
6142,104.61728993607645
6144,110.85889142309972
6145,94.46558082724775
6146,93.87246972219171
6149,92.55131599086889
6156,96.18170041610901
6159,114.71552314877007
6160,92.74142861711346
6162,103.31176602421368
6164,111.66688844766692
6165,91.64743258916332
6168,76.38430896422558
6169,112.3236291603338
6170,94.16005149091858
6171,112.21869500519493
6172,91.34672477417271
6173,115.33840868006044
6176,95.71600022976936
6177,91.68437327373682
6178,95.34176963241634
6180,94.93962277990313
6181,105.09260271223003
6182,95.78437173467361
6185,92.48869053144854
6186,112.83384987205689
6188,111.93015767592225
6189,93.94993521777823
6192,104.7387068714733
6193,93.87544041993222
6194,105.01499114312058
6195,95.37638796551451
6196,116.7548432410107
6197,92.21398501968766
6201,112.18956995843459
6202,93.13319842434598
6203,111.1279044210918
6204,92.30862097268735
6207,118.89115477495596
6209,93.02451289397511
6210,92.90381979725579
6211,112.08357875364166
6213,112.39312849360483
6216,91.411797211946
6217,92.59867183396112
6219,92.89840133594585
6222,76.56007928799751
6223,95.53719789797924
6235,95.5103921889152
6240,93.29961210584624
6242,93.87027583336965
6247,94.72935142733043
6251,110.71313165058325
6254,111.90976999219966
6255,94.43886341851425
6260,103.7061212115268
6261,93.05981533819966
6262,105.2978401074299
6264,113.04608148601868
6269,103.70535517145726
6271,104.96247761222388
6275,111.6048193581204
6276,92.94123369717653
6278,95.56668549807905
6279,112.28174713276249
6281,113.72706172920114
6284,92.4280770419112
6286,94.59609434891445
6287,79.10876459671545
6288,94.30604921420004
6292,92.41818547596465
6293,92.41034451352998
6295,95.30530786524959
6298,112.49799095235481
6300,111.68830696386058
6304,105.13106582323711
6308,112.3863441171927
6310,94.88260547774146
6312,111.77805223536166
6320,93.06397875560587
6324,92.79911791052174
6325,112.56453594154767
6330,94.90455934444064
6336,111.85640211652112
6340,105.04009850840548
6341,95.5103921889152
6342,103.6655914795264
6344,93.7089868015057
6345,111.49882976854366
6347,112.33684080608809
6348,94.50370726762117
6349,112.49799095235481
6351,76.49450941411926
6353,111.68219728481967
6354,92.42429178141597
6357,94.64827825771692
6358,104.70613265101476
6360,103.58936799311137
6363,116.82528928549304
6364,91.85192766680953
6368,114.08475069157814
6370,92.7213657777137
6371,93.82346909999622
6377,93.10157140722842
6379,95.54660760116809
6381,93.59767039501811
6382,76.25362741432824
6383,112.33684080608809
6388,112.44919616668321
6390,112.36295253994113
6392,103.22683935603138
6393,95.96327609583524
6395,94.32122839479747
6398,104.13888254010602
6401,76.37330660073798
6402,93.55768019241145
6403,111.53871136781277
6405,93.09356662482998
6406,92.04302194476288
6407,113.15515332807516
6409,105.20763016324466
6411,92.56792100108181
6413,93.9918931590217
6416,106.31015771013092
6417,95.29257924820767
6418,92.9050628862012
6419,119.13463339621882
6420,111.81065456515827
6426,112.38282210758965
6429,92.10016074058201
6430,93.5188290548677
6431,111.53871136781277
6432,93.02451289397511
6434,95.55321751378148
6437,112.50188994314875
6438,95.18683788411994
6439,104.1218069550686
6440,93.7986609406204
6441,93.9494484026328
6442,111.77805223536166
6443,96.94283343966516
6445,95.20634169970431
6448,113.2311612551119
6450,112.0904754845095
6453,96.44696231989153
6455,94.85875999735605
6457,92.45355000795041
6458,111.67324372809946
6461,94.1477003767699
6464,112.20357377213567
6467,94.47108472970824
6469,95.65004004504573
6470,76.36030751203693
6471,92.74142861711346
6473,103.90731508092654
6474,93.4239095396089
6479,94.11117653674077
6481,94.7311725735597
6484,112.10178587753084
6495,94.52072010181053
6496,113.396427332499
6505,110.9205775258374
6506,97.15739603546221
6508,95.71600022976936
6509,94.4146966127616
6510,105.05345425412737
6512,104.59420581888743
6513,93.13571759081964
6514,112.32878072290752
6515,92.58852430465436
6519,94.9567677833412
6521,93.40324909592715
6523,76.91071501150087
6525,105.28722754189747
6526,95.36725967487696
6528,95.19128922948731
6529,111.22127694674589
6531,103.89976877390409
6533,104.61638240442217
6534,93.71697636416783
6535,112.91363412561572
6536,91.30861888536926
6537,113.14930034832031
6540,93.26533828504193
6541,112.33684080608809
6547,95.24765175438777
6548,111.6025443886568
6551,113.2802677483584
6553,111.04334999398107
6555,104.7387068714733
6556,95.5103921889152
6561,76.41847693013214
6564,92.71897920801379
6565,112.91363412561572
6568,95.12647429552217
6569,111.77805223536166
6573,103.73121719576
6574,94.09616147208045
6577,112.72355941078165
6579,116.82528928549304
6581,93.36433939334657
6582,111.50609250992143
6585,106.56670335423198
6586,95.21616151370536
6589,105.35064542307609
6590,76.99075878246559
6593,93.12099411723098
6594,111.81738190746242
6595,91.96503697375951
6599,92.10036606194674
6600,93.28522838520111
6601,115.19875904754981
6602,91.85192766680953
6603,113.2311612551119
6604,94.16005149091858
6607,103.90571462979332
6608,107.40947188125214
6609,93.72324664833539
6611,94.17654357427166
6613,111.77805223536166
6614,93.54192754261379
6616,93.40986371072488
6617,111.77805223536166
6618,93.16147918119212
6619,102.00212193738338
6621,104.7387068714733
6627,104.39847653058695
6629,110.865896053038
6631,76.51960734309142
6634,94.27400805518029
6636,93.33866307149835
6638,95.12647429552217
6639,111.77805223536166
6641,113.11840546965179
6642,94.8420951763264
6651,115.46823758098907
6654,77.73886427954871
6657,95.55327877225182
6663,92.82931078884674
6665,110.4104822445833
6666,93.50514365362962
6668,93.14920817356351
6669,104.63700670927518
6670,95.34651339292135
6671,95.74819490388121
6673,94.45471756418809
6675,93.39230246465277
6676,76.49450941411926
6677,94.45355562545262
6679,94.00637063652417
6680,112.47871600755666
6681,105.05345425412737
6685,105.01499114312058
6688,94.01007887434622
6689,91.98647057702759
6690,109.40389216232457
6692,111.77805223536166
6693,93.29606639565245
6694,94.9341288319685
6698,119.07763657788178
6699,92.74537786342374
6700,111.63517431119531
6701,92.45355000795041
6702,112.27077715148191
6704,91.98647057702759
6707,110.94194445608011
6712,113.29846198859522
6713,93.02007455358775
6715,94.97112956814517
6721,111.01020007080176
6722,92.89840133594585
6723,112.70450743814138
6724,93.43967105464479
6725,118.96670650123052
6731,112.5492837054499
6735,81.34215259620842
6736,95.08871587653191
6737,107.93618920485325
6738,95.89616488877768
6739,104.64697568609236
6741,103.2391821926667
6743,92.21206070418555
6745,93.14920817356351
6747,111.59553375037966
6749,93.80752541369051
6750,104.27003320581052
6751,117.34283135903411
6752,100.6917602506681
6753,111.77805223536166
6755,118.49086784536486
6756,92.88884671493629
6757,103.68081043177126
6759,113.16152351968462
6761,92.85235966601249
6763,92.74142861711346
6764,118.74019483026025
6765,93.80908012166557
6766,112.35453535008598
6768,112.60989235709286
6771,91.98647057702759
6773,93.4844220879887
6774,95.17467866876422
6778,106.18270014902522
6779,97.21913628982571
6781,91.48705670093904
6784,95.5457003230675
6786,92.34635538464002
6787,111.37443452907766
6790,92.63556269368186
6793,104.55925101562119
6795,111.77805223536166
6798,112.39276207692099
6806,103.76014620100015
6807,95.26853212130732
6810,93.59205134348817
6815,111.1993470214663
6816,92.8488174237098
6817,102.96732760788949
6818,94.68947324528274
6819,105.16916705223812
6820,95.14507059281316
6822,93.19568595719149
6823,117.5995999953578
6824,112.3236291603338
6825,94.35170364403483
6828,76.45705768256425
6829,112.47210386898911
6831,111.59008003706727
6832,92.39687629498275
6833,112.27045537152581
6834,92.74142861711346
6836,94.96457836381119
6837,113.29846198859522
6838,92.29629549216241
6840,104.35358851481416
6843,92.06575065350131
6845,91.73790619827524
6846,92.13010567285241
6847,112.16410295123221
6851,111.61124158572318
6852,92.85350393770408
6853,111.2111591214488
6858,95.49121339584251
6861,112.13030033974422
6863,115.19875904754981
6864,76.71861829178305
6865,93.63524649173135
6866,112.94418700067659
6867,95.03445094943332
6868,104.04534294595385
6869,94.34270946895633
6870,112.3236291603338
6874,111.1094008181797
6875,94.13361825016442
6877,112.55289851864072
6878,92.32838075775796
6880,93.86323476095956
6883,111.16345066954737
6884,92.56127137798899
6886,94.59137527189715
6890,95.40840177000624
6893,111.99469195490913
6894,92.75733900658078
6899,112.55289851864072
6900,93.01497314708851
6904,93.83188857776183
6905,112.41788923923343
6906,92.05487380709239
6910,92.7611879229509
6912,104.45484138502798
6913,115.35382230432519
6920,92.86476239573987
6922,93.33071856162681
6923,111.77805223536166
6926,95.1017394515443
6927,111.55472137961529
6928,91.84056282801876
6931,110.49665562321597
6933,93.83823072328084
6936,94.10022545517286
6937,113.18570620313625
6939,108.99797065815888
6941,92.24338383133359
6942,109.62535709681579
6943,95.16363726564926
6944,102.59273067362032
6945,94.95741204704143
6946,111.75677786294247
6947,117.82559359659112
6949,105.14683430006103
6951,105.18330924326229
6953,110.71239443988948
6954,93.21471099670977
6955,113.63825892360433
6963,111.51096964602648
6964,92.91848294374518
6966,93.43264585018196
6968,92.22361747897222
6970,105.09260271223003
6972,111.46399221452695
6976,111.40233489993885
6978,112.94418700067659
6981,104.20167940502397
6985,104.33912499077945
6986,92.67111573834367
6987,110.47937968532203
6989,111.32885438921925
6991,117.5995999953578
6993,111.71811712574497
6994,95.08118896462204
6995,112.62604075765907
6996,94.26932946636869
6997,112.57967088579699
6998,76.40624922701441
7001,111.58878885485535
7003,109.1314288630287
7006,94.31690644182108
7008,105.19154385873689
7010,91.65895991040806
7011,93.13726987553494
7012,109.2188083751023
7013,92.39927883689329
7014,111.64666779034225
7017,103.65419097034452
7018,93.27454568439587
7019,91.41892581229612
7023,94.59963984445737
7024,104.4369569448801
7025,92.65265952296761
7026,112.41386370716391
7027,93.14730748833762
7028,111.36055225028765
7030,111.77805223536166
7031,91.79176945413397
7033,112.25487776015034
7036,94.05168025310074
7037,94.74397077136851
7039,93.69604964188022
7044,94.07124157438103
7045,113.29846198859522
7046,99.91034928890244
7049,105.03577918006202
7050,96.40693430838539
7051,105.09260271223003
7054,110.85950746232179
7055,94.22104802382758
7057,93.36124077679544
7060,112.55289851864072
7061,95.73781046535235
7063,91.40736053694596
7064,111.29188915188597
7067,93.86323476095956
7071,94.18427620528846
7074,103.65916118605433
7075,94.42169521794428
7078,113.29846198859522
7079,91.98647057702759
7080,112.40511813776497
7081,94.28323245971538
7082,113.3352098470181
7083,92.837172757832
7085,114.97603354190396
7092,105.12741888257497
7094,94.91206085666083
7100,92.35241188540212
7101,110.83002814618551
7102,112.94418700067659
7104,112.44751791240603
7105,95.73781046535235
7106,93.34688128894854
7107,101.91768603031613
7108,75.83568564811554
7109,93.02523707416469
7110,113.18570620313625
7112,94.60847844610765
7113,105.05345425412737
7114,95.12133003127828
7116,112.98093485909962
7117,95.693392683673
7118,102.99123604072258
7120,93.87166381786822
7121,104.24526820081434
7123,103.7066226627708
7124,95.53834836750808
7127,108.08257636616727
7131,103.50611839566568
7132,94.68947324528274
7133,91.7905026474315
7134,112.02062241031629
7135,91.235632522609
7136,112.24347676741306
7137,92.21382187477123
7141,93.08717861196169
7144,105.20763016324466
7147,112.03519798230475
7148,93.11912797713059
7150,92.06043801932759
7151,93.87166381786822
7152,103.7447238437799
7154,92.72673706680376
7156,94.25764855903402
7157,102.9470035145897
7159,117.81696382478965
7161,95.41464659673962
7163,93.28282467836375
7164,103.36179164042782
7167,76.43368520029294
7169,103.35041105788157
7170,93.83573815599001
7173,93.345812119514
7174,102.84133763533937
7177,112.09713651228489
7178,104.79755016658142
7179,93.24960829455742
7180,80.60779209225106
7181,112.26853548700805
7182,93.18677560483363
7184,93.13571759081964
7185,112.59288253155152
7186,91.51502584511739
7187,116.67758655688343
7188,93.6297824806899
7189,112.69570672013832
7191,103.93880623131658
7193,111.39015688388648
7197,96.5006982959727
7199,92.45534016772042
7200,113.3352098470181
7201,91.235632522609
7204,92.77081377879827
7207,112.22725600861406
7209,115.19875904754981
7210,94.09645676054208
7211,106.17086478166144
7213,94.15836913134387
7214,112.57967088579699
7216,112.48867829739393
7217,94.04234772829686
7220,112.61082116474925
7224,111.77805223536166
7225,93.16484051193568
7226,112.48867829739393
7227,92.90036373204317
7234,112.59288253155152
7236,80.16081487524741
7239,103.5666905975402
7240,93.02453911146775
7242,117.21098158772085
7244,111.81559028497904
7245,92.37366745532807
7247,110.89742834195512
7248,92.27314398123538
7249,117.83984417487535
7250,112.85806266767094
7251,93.77845414937039
7252,113.28078769147118
7253,76.71861829178305
7256,93.65446857103719
7260,92.74142861711346
7261,113.06037049864456
7264,97.48629706114995
7269,114.01992059285952
7270,93.25809832299305
7273,112.53767892573119
7279,90.85686546776988
7281,112.28174713276249
7284,93.38478614411464
7285,113.18378204498208
7286,117.71230498393587
7287,91.25668965570235
7289,93.13571759081964
7292,92.80325037591574
7293,113.2311612551119
7296,96.22564169031592
7297,111.58248722290662
7298,92.40031075983559
7299,113.05882018965644
7301,103.67686949562525
7304,111.48406331226707
7306,116.15157915471481
7308,93.13571759081964
7309,102.24379815415737
7312,92.62897504581835
7313,76.71861829178305
7314,93.62034111610427
7316,92.65266469590792
7319,117.88621117961219
7321,97.37124715020197
7323,94.75890932795511
7324,103.6360006166254
7325,94.12313844764773
7328,103.48255541156738
7330,76.40738261024043
7334,94.17472215508243
7337,112.59288253155152
7338,96.4723337869958
7339,92.14470416795122
7341,92.49999287157902
7342,112.50188994314875
7344,112.34476799588957
7345,112.19407321254899
7347,111.39015688388648
7349,112.28174713276249
7350,94.46702563549077
7353,111.85523080275509
7355,112.60521913481666
7356,93.98285224470786
7357,113.02005015821162
7358,95.81562725878055
7360,92.48437489947614
7363,104.77625909386491
7364,95.08069267735605
7366,94.42577925774017
7368,94.37161962083523
7369,112.13662105066945
7370,93.20697980349685
7373,93.59990338774072
7374,111.17424523970581
7375,95.41086386782916
7377,93.72654442561961
7379,92.97039272062048
7380,118.8363475027428
7382,110.95290493520649
7383,93.61600496682816
7385,95.53726737177891
7386,104.60881821256666
7391,95.81546270007317
7394,104.15040302087745
7396,112.85806266767094
7397,94.90509072555827
7399,93.75635176009767
7400,105.34269385629224
7403,76.56592161402625
7405,112.16960662543688
7408,111.16080231180972
7414,115.28830536887654
7416,103.798202996634
7417,94.64349087177777
7419,93.89048742397154
7420,104.70815304518624
7421,94.73246093522567
7422,94.99453184803733
7423,104.73470356527889
7425,76.97249302325619
7430,94.7985162878987
7432,95.20634169970431
7433,96.43584225695305
7434,111.78290532765003
7436,110.94431410512396
7437,92.63124750430183
7438,103.03242564700662
7440,104.94969609903099
7441,94.72137643601154
7442,112.49188708056128
7445,111.22079162168176
7446,103.29900475372449
7448,111.7660517435573
7450,104.57230816032173
7451,93.05981533819966
7454,110.85221188379825
7455,93.90627600846653
7457,111.97277021240824
7459,103.49837939168845
7462,92.16908821834144
7464,93.05981533819966
7465,110.35616796696107
7466,92.54604130130492
7467,111.02949777491085
7469,111.69228059695699
7472,95.08118896462204
7473,111.77805223536166
7479,94.17472215508243
7480,105.18529741106775
7484,110.8097560701921
7491,93.78444529005685
7494,104.96325051457117
7495,95.17992446770957
7501,92.86998868979313
7503,93.98021432915588
7504,105.05345425412737
7505,94.16005149091858
7508,112.21098121119883
7509,92.65468447752187
7510,76.71861829178305
7511,114.03354499335865
7515,95.07546651321053
7516,105.4899697343285
7517,93.45796220422176
7518,105.73659171214608
7519,93.63651494953673
7521,96.2897183661622
7522,104.00056467246776
7524,103.61862379919793
7526,104.46822778051325
7527,94.07829273566873
7528,103.2288553212795
7529,94.92322874398131
7534,111.08911643950955
7537,113.15053477121405
7538,94.62485680950702
7540,95.31454685040491
7541,112.40884694446235
7545,112.33684080608809
7551,115.40198519852751
7553,94.3798097750556
7554,103.39170373726647
7555,93.94049698291246
7561,111.38023495716021
7562,94.24658238828823
7564,94.43243890520091
7565,105.38503258575744
7566,93.70750789342297
7567,112.0331311962193
7569,103.26536821031151
7570,95.85076052243032
7571,115.46823758098907
7572,93.88582751781033
7574,103.24689329502542
7578,112.32978017146863
7579,93.07238601966618
7586,92.76267614080264
7587,80.16553155527845
7590,93.64647637956521
7593,111.77805223536166
7594,95.50930749859783
7595,93.70750789342297
7600,92.47404163966249
7601,76.65597811569724
7602,93.31643385368142
7603,113.126081858312
7604,92.39379249500186
7606,91.47826176908212
7608,115.33343397081103
7613,76.65304841790537
7615,111.7062970528933
7616,110.6874164650522
7617,118.15653185132379
7618,94.07829273566873
7619,105.09260271223003
7622,95.08079689944431
7623,103.60449921566806
7624,94.98791171028917
7625,105.04292761522666
7626,94.13309063620464
7627,105.4202873271865
7628,76.32075715397443
7631,106.21106295509846
7632,105.01499114312058
7633,94.52718791279308
7634,113.16090891770656
7635,92.73357901589472
7636,112.57967088579699
7637,112.57967088579699
7639,92.37594653596832
7640,76.59592284131905
7644,113.3352098470181
7645,92.40785938830045
7648,104.74250779953823
7649,93.44690951241117
7650,112.3236291603338
7652,110.35616796696107
7653,92.89789928349441
7655,94.32398774829358
7659,110.84426435774432
7662,95.57159026809454
7664,92.19688618561764
7666,96.3975677496485
7668,95.12360769952542
7669,108.65676406556103
7670,95.35363090817064
7672,95.23262210695228
7673,112.05439574362534
7678,92.51023332306144
7679,80.08619741613482
7680,104.61638240442217
7683,92.2411104102063
7685,117.71230498393587
7688,93.27454568439587
7690,110.68254457887008
7692,93.78259187377475
7693,94.80609632640088
7695,112.59288253155152
7696,95.35054420388747
7698,93.5376338910914
7699,111.5266099087855
7702,91.82634062155371
7703,112.48867829739393
7704,93.32481700368018
7707,114.03354499335865
7713,76.73305954058004
7715,102.68254853658406
7717,111.17832186533471
7718,94.82394063926922
7719,103.12530765089238
7721,109.22192544122585
7722,94.8764523061619
7725,102.12122068960527
7727,102.88269570832617
7730,77.76392089858419
7733,91.96237166784564
7735,103.46512884447789
7740,112.48867829739393
7741,112.20867859045501
7742,92.83940394960557
7744,111.17004953700084
7747,95.10422872069591
7750,76.93007491690406
7752,112.01765330986687
7754,113.22855845770421
7756,105.65191974578393
7757,94.78660183530623
7758,105.53898028779717
7760,104.61638240442217
7761,93.87402458029966
7763,112.44544812541803
7765,94.02307086197112
7767,112.57967088579699
7768,95.19341232102349
7771,94.24134338144881
7773,91.8052302489779
7774,113.15122305694425
7776,105.36021105541131
7779,94.63397868400938
7783,92.67456535543656
7786,104.7235894079496
7787,94.81669749223228
7789,94.1626422060796
7791,95.21036158350225
7793,95.24783600591765
7794,110.8792169966187
7795,92.59360619239195
7799,76.5790608649446
7800,110.41562675391158
7802,94.3865160713333
7805,109.48845591291263
7807,103.26812498569473
7808,96.45079214793165
7811,105.14683430006103
7817,110.6874164650522
7818,105.01499114312058
7819,93.07330592094368
7822,92.53057035205744
7823,112.39645818108579
7825,113.29609990340442
7828,91.9320426944974
7832,92.74142861711346
7833,76.54531927663132
7834,111.07923838510547
7835,94.69006774518677
7837,93.67836905921067
7840,92.81451182997444
7842,94.20326707250392
7843,112.59861829057834
7844,93.5200125043922
7846,93.87402458029966
7850,94.67927333135094
7853,113.11840546965179
7855,115.44176298176342
7858,94.40416092981907
7863,110.91564143358507
7865,113.29846198859522
7866,92.91220686769213
7868,91.93173921501328
7869,111.95018676532568
7871,76.43368520029294
7872,103.15442830677922
7874,103.48784809682061
7877,112.37479697392959
7878,92.40785938830045
7879,111.63424759876351
7881,94.72435166122804
7883,95.18076698245011
7885,103.0878732996705
7886,94.3798097750556
7889,95.89412812621805
7890,104.56248229437863
7891,94.88494355450541
7893,94.59609434891445
7894,104.2268908065185
7896,112.3236291603338
7898,103.98510120277793
7901,95.2338770118551
7902,111.39015688388648
7904,111.0117532457502
7905,93.56247008817307
7906,114.37843932523938
7909,93.14920817356351
7910,103.83374291236453
7913,93.45834344132776
7918,113.29359681976393
7919,91.235632522609
7923,93.49872887785018
7925,93.7367780441698
7927,91.65078705006887
7930,94.94775740703783
7932,95.20956221339412
7933,93.1955269150208
7935,93.56685038832231
7939,105.30353391912854
7942,91.85804530897175
7943,111.39949355077428
7945,104.12891773554855
7946,94.37161962083523
7948,95.26463014823874
7949,111.77805223536166
7950,91.90226728240881
7951,112.57967088579699
7955,103.17345739281184
7959,95.08069267735605
7960,112.48867829739393
7961,93.53777996441441
7962,102.92573778910129
7964,102.51343855722243
7965,94.37468503859768
7966,113.3352098470181
7967,102.49014885563662
7968,95.9481732442812
7971,104.47252934285328
7974,91.235632522609
7976,105.68789863846347
7978,111.96728833684152
7982,112.48867829739393
7983,93.16147918119212
7984,105.16916705223812
7986,92.65536827601828
7989,111.77805223536166
7991,111.39015688388648
7992,111.49773041755445
7993,92.18442908034143
7994,112.94418700067659
7995,92.74142861711346
7997,92.8145612851334
7998,105.16916705223812
7999,110.6874164650522
8002,93.11065019645106
8007,93.82807467492913
8009,96.06402268534347
8011,93.43897428592653
8013,95.02396958882085
8015,105.39571144485497
8017,113.09749803208246
8019,117.71230498393587
8023,94.0109154772954
8024,112.50188994314875
8026,113.2802677483584
8027,92.29606438813767
8029,93.28282467836375
8030,112.36817825243972
8031,92.86870169674962
8033,100.01687888344095
8035,94.39596046047039
8036,106.57761733846775
8039,104.55018217133555
8042,91.87965832506447
8044,93.04321392289306
8046,78.93635877099025
8048,113.42715681672047
8049,93.56247008817307
8050,105.42617466700013
8053,94.1881002637808
8054,92.68353988610176
8059,92.37969106342568
8061,92.92269509766115
8062,111.63524602492858
8064,112.42288559532065
8066,103.20740681963731
8067,95.05941877672764
8068,94.85022160165198
8070,95.29443208822464
8071,113.26790911353434
8072,91.53530580524117
8076,92.88582338598292
8080,92.21353734657329
8081,112.71600854680156
8084,103.58567639391983
8087,111.56680452760634
8089,91.70926543087849
8090,118.9132271291066
8091,105.15156941181077
8094,113.6149728867885
8100,91.74844680934156
8101,95.16071542958728
8110,94.73085546102172
8111,111.39015688388648
8112,93.67514329934694
8115,108.99452155068643
8116,94.74423189133647
8118,112.42288559532065
8121,119.13463339621882
8125,111.22319606451676
8127,110.94627125871263
8128,91.28092239753971
8129,111.42370414880975
8131,92.84751704797522
8138,94.20495690040741
8139,103.86558437210542
8140,92.2790855946381
8141,91.8052302489779
8142,112.22512139469717
8143,110.87050405416608
8145,113.2802677483584
8146,93.5743533629317
8148,115.19875904754981
8153,111.64126451826021
8154,92.98314591588186
8155,114.37513817770626
8161,94.74352314166482
8162,112.72680952067633
8163,92.65468447752187
8166,111.85311366357688
8168,112.18289934313604
8170,92.06414456096529
8172,111.39015688388648
8173,91.235632522609
8176,103.8725539037508
8179,94.18821459039194
8181,93.72324664833539
8182,116.85273442736309
8184,112.21608883177319
8190,104.61638240442217
8191,95.71460353079985
8194,111.15891338457067
8196,110.75086017858762
8198,110.81979424339843
8199,112.87688626719212
8201,112.86618260622579
8202,92.36269895307142
8207,94.37468503859768
8208,111.42370414880975
8211,111.59398227535692
8214,110.3649729193407
8217,94.3021334867152
8218,111.03275172865904
8222,94.1048210141676
8229,107.2543615062091
8231,93.21105084319112
8233,95.59643234340324
8236,94.75333649908065
8238,112.59288253155152
8240,103.32206909807998
8243,104.18943794710702
8246,111.29202557108617
8250,93.1679117847211
8254,94.8764523061619
8256,76.48137016320157
8257,110.33000334692295
8258,92.47238032728825
8260,93.27454568439587
8261,112.48212297516987
8263,116.86056055734863
8264,93.9793230688646
8267,112.17695868721057
8268,91.25668965570235
8271,91.22535373515694
8272,111.42370414880975
8275,95.0560167504882
8276,94.86309931509449
8277,105.26758860977029
8278,117.81696382478965
8279,93.47218859375977
8280,111.80379385595724
8281,94.38227330746055
8282,110.14898617093974
8287,111.87618657650403
8288,91.235632522609
8289,112.6216828272776
8294,93.05741181971075
8296,91.79005573040973
8299,110.88870186660743
8302,105.20763016324466
8308,112.493186633482
8314,103.00519958006615
8315,95.67788295447211
8316,109.18269034907442
8317,93.17685665872334
8319,111.0348037023343
8320,91.64376048297129
8321,118.98135983579628
8323,93.88920126102562
8325,94.92491340873643
8326,112.32590597244727
8328,111.39015688388648
8330,110.50659715736302
8331,92.41071332943037
8332,114.87477689888823
8334,94.17610461292796
8338,92.63280332159385
8339,94.19460960096649
8341,92.53900626829649
8345,112.91363412561572
8346,93.72324664833539
8347,103.11223146153979
8349,94.78218566670225
8351,94.74352314166482
8352,112.56845368745623
8353,111.39015688388648
8355,111.57123969399463
8358,110.6874164650522
8359,110.52219435049706
8360,93.56642052620477
8361,113.05073360815463
8363,102.75099886542137
8364,93.34669563065398
8365,95.31387914375743
8366,105.05345425412737
8370,111.07183766135053
8372,94.46984415932981
8376,94.8021992104254
8377,111.8648215260525
8379,110.76203552246166
8380,92.70581405423238
8381,111.26638574054847
8386,91.25208441864967
8388,102.28932692361548
8389,95.4524794972978
8391,112.8663537853475
8394,94.8764523061619
8396,103.27225864340112
8398,103.84627572577655
8400,113.05715580276936
8401,92.22641181161801
8404,92.53900626829649
8407,94.99453184803733
8408,112.33684080608809
8409,111.37587612454767
8410,104.24299457322091
8411,94.59495438241821
8413,91.73983320784637
8414,112.10979106559313
8416,92.57586802933349
