ID,y
1,129.41878706642524
2,87.9559650779866
3,78.2263528922389
4,80.62201588136168
5,96.36699251570775
8,99.88073174525306
10,101.71446619243835
11,101.42876435090818
12,101.18787283237003
14,110.62840380387496
15,101.75457075314773
16,104.98655220300753
17,101.57623758565552
19,100.97610472916938
20,102.8056508570354
21,99.48921340571184
22,100.67198762616499
23,101.57623758565552
26,104.45543461864412
28,96.75209885380815
29,101.57623758565552
33,101.57623758565552
35,101.15873936500827
41,101.57623758565552
42,99.50891687525552
43,102.29050256296
45,97.79543022802045
46,97.98529611433531
51,99.82962992592553
53,121.3419599393244
55,100.0060582906421
56,101.51480739193676
57,105.1965240811133
58,101.91269684490874
59,96.43294812878088
63,101.15072516953148
64,102.98723036657418
65,100.85876185497182
69,102.91213850783873
71,101.03465301223889
72,101.9653460466738
73,97.91946000134658
76,97.90474527191219
77,106.57442443503692
78,94.56400034599164
82,102.04705091727743
83,100.85876185497182
84,102.7657774971425
85,99.11972198391368
87,102.34633564835264
88,101.57623758565552
89,99.56578164812373
91,102.91453019329407
93,99.51947319350006
94,92.89851864216331
95,100.55709729166898
96,96.64449139236211
97,101.17222583790448
98,103.52463160040406
99,103.32979778807254
101,100.989739031944
103,99.56578164812373
104,102.80727372042008
105,101.33104298301674
110,101.56239009283377
111,96.59934180748655
113,103.84633818561281
114,101.61603228477838
115,92.19310223072426
117,99.56578164812373
120,100.77598349077942
121,103.78167345780895
122,104.61544951118765
123,104.52178461276094
126,102.40074858466261
132,105.67191150135375
135,105.97338219984994
137,98.67265591484386
138,103.33281559714874
140,102.08508853380545
142,100.75282585243963
144,102.5266346405291
148,97.34921546657182
149,100.3510551059872
155,101.43010284405193
156,100.90824760390984
157,101.17222583790448
162,101.25058385870182
163,89.10240311855563
167,99.28925377411736
172,102.29050256296
179,96.86671185360547
180,105.20408664898673
181,99.97995024613743
182,100.9430568999328
183,99.56578164812373
185,99.56578164812373
187,99.61980500547833
188,102.69306708620121
189,102.3504368657891
191,101.44396893502415
192,104.66760821060848
193,100.68480994507155
194,99.1633183961186
195,101.04486574323244
196,99.8390561399292
198,97.66569256688439
199,99.37977358453008
201,102.9610319850143
204,104.97726625286714
205,104.41691259913591
206,101.39177349025096
210,97.226903081567
211,100.989739031944
216,100.01334593293672
219,101.18787283237003
220,96.81695624946178
221,99.80851676891962
226,99.97995024613743
227,100.3099376480784
228,101.23439563733524
230,99.25542652753518
231,101.17222583790448
235,100.67198762616499
236,95.40930252591147
238,101.2056193614365
242,97.03826012255178
243,102.94601899678219
244,106.74779511079737
245,104.37677025373011
247,99.80286403074427
248,100.08073000760953
249,100.0601474692532
250,102.83805109790563
251,95.40930252591147
253,100.67198762616499
254,95.95002282740097
256,102.01734789479218
257,89.58178247098857
258,98.4635331618365
259,102.44685137022674
262,113.54817352418308
266,98.48084422046333
267,99.69578238501896
272,102.47687132587555
273,99.56578164812373
275,101.55118209109975
276,114.35233130062153
279,101.34784000455858
280,100.85876185497182
283,103.24949821706167
285,100.60863353669089
288,99.56578164812373
289,97.94057511362826
290,102.11525024754798
291,100.42042663912372
292,95.31058823563347
293,101.59861203760698
296,101.00835561894058
297,100.39878738261791
298,94.23793645554753
299,102.04705091727743
304,101.87380542461835
305,94.5945973192243
306,101.9655776590862
307,99.33941224358881
311,103.79641981002385
313,99.65183929563278
314,102.61052562101133
316,121.09047574418133
324,97.64496495044853
327,95.4491598080686
329,101.04139921020084
330,98.85203445855274
337,98.23895941504213
338,100.64133650554908
339,116.06571394623654
340,101.39705057373948
343,99.98026745695552
345,101.75457075314773
346,97.46850625381057
347,101.40519572594468
349,99.005893918325
350,101.89061582105052
352,99.62939694633701
353,101.62815432107811
354,107.07311798948831
357,103.8127178813001
358,101.98036441467707
362,101.10479025616206
364,100.77502374816652
365,98.33088057227798
366,94.78890935418553
367,97.75632882976328
368,103.62033075359358
370,86.75376990199868
373,99.53933786583127
377,98.19417699679275
378,102.0958396565735
382,97.90474527191219
384,101.23439563733524
390,103.36258987592572
392,97.7284141499299
393,136.39185927980418
395,104.18674716869668
396,97.91851924111057
399,110.24521288420175
406,99.65183929563278
408,99.65183929563278
409,102.94301406938183
410,102.06504673834905
412,95.88095068863811
413,97.44255516187457
419,99.00269898313206
420,97.29511135761175
421,100.037330785042
430,120.50518882729682
434,99.12236515681741
436,101.12908916247358
437,99.8442860121695
438,97.97660885971891
439,101.63474088365763
440,97.89703074053904
443,100.40545709142998
446,103.506162074982
448,102.70875659623368
452,100.10202205521523
453,98.83921676454042
457,105.16711166788724
458,101.51256198317833
459,105.49340810683765
460,99.37391044278382
462,101.1625292582682
464,102.53055363333806
465,101.18787283237003
467,103.2108832981487
471,104.63203555289368
472,107.07063278013845
473,112.29684522900766
475,105.31333679806403
480,100.24859912281096
488,100.26497833804734
490,99.33941224358881
491,101.94651169647022
492,98.4857242235858
493,100.49426111645249
497,99.06642206960856
498,99.18551615256644
499,100.0222577440291
500,99.14016160233791
501,100.86696307062385
502,100.06053651913265
506,110.65975555606656
510,100.24171941212654
511,103.21834950206096
512,101.35221035779631
516,96.48538572549393
518,105.09651767757316
519,98.48826078023143
521,100.18126932812174
522,100.33504175389311
526,99.52303702771997
529,102.47160544266916
532,98.65656194502526
533,100.99744276634618
536,104.22220316729033
537,100.70993924602851
539,99.8863099948374
540,101.8326064290631
541,105.47151947436117
543,101.70532530152337
546,101.78029799987752
547,97.45574075517317
548,106.65930113076814
551,102.25345601521155
552,98.96464352276371
556,100.4194079442247
557,101.19283875623535
558,97.75632882976328
559,98.33802340278044
560,103.72646725930895
562,104.0317696274679
566,100.52283336666176
570,99.18551615256644
571,99.8442860121695
572,100.85876185497182
573,102.74836416796666
575,101.18787283237003
576,97.68299085891971
577,103.0948794304689
579,98.11468741599452
580,101.52887136853167
581,105.03413449984077
589,99.33941224358881
591,99.81211677237883
593,102.55166191979737
594,90.52126231935904
595,98.33344271410238
598,103.1002468583103
602,101.9508573032079
604,101.01390122353922
606,103.89149839374988
608,95.00901098801342
609,100.989739031944
610,100.71468188419249
616,104.6913412212881
617,98.7518421944618
618,98.52527993457318
620,96.66306889141737
622,99.93496730323363
623,100.95699446683375
624,99.8186037189194
626,97.59033708699081
628,99.30387587641002
629,99.77007623678037
630,99.25542652753518
637,99.75576729987677
638,100.10728214815981
643,104.23463474633911
645,100.24859912281096
646,107.51346912061126
648,103.40451437879369
652,100.77506285450733
653,100.48749991743983
654,99.18551615256644
656,103.22933763132704
657,96.62727204414688
659,100.5558992922115
660,99.38086678403505
663,100.45426234093907
664,101.8069490427502
666,98.70542778885437
668,103.32233549282478
669,90.30600268461154
671,100.36532026863239
675,101.04590058437304
677,96.54798559125567
678,102.89777200795731
679,95.40930656958818
682,106.44099568395308
685,97.71352652964458
687,102.0311999287805
688,117.02517615117836
693,100.92007848877302
696,94.24000063976968
698,98.98938249076912
701,99.28776848104889
704,100.17890970519505
705,101.42978168467192
709,95.49906932797501
710,102.16272875274194
711,102.63365844146955
712,104.65187600220605
714,102.51289244195692
715,106.86068299036339
716,99.33941224358881
717,99.56643545055528
720,101.75457075314773
721,101.44396893502415
724,101.33235561869458
725,102.82385909405917
726,101.64305857043655
728,101.19633232280904
731,99.97916541554952
734,101.31293634899896
738,100.09087781745609
745,93.06920412814412
746,100.53477676859944
751,87.79246363858431
754,103.11930933841154
756,98.50476171851369
758,106.60580957936025
759,97.58707039900258
761,99.80701192328888
766,104.37669166692501
767,101.64371251672429
768,100.95699446683375
769,102.73745343157054
770,102.79167216510388
771,98.4857242235858
772,103.38794753239034
773,102.64210389102726
774,99.4190909391645
776,101.23439563733524
777,100.7069544486929
780,102.29050256296
782,101.8326064290631
787,98.94222728995771
788,99.8863099948374
792,101.53261092828063
793,98.56682062687395
798,102.31958083589359
800,98.99358984996212
806,99.33941224358881
809,92.03640687021118
811,100.12767736427844
812,100.70181305784439
814,101.18787283237003
816,97.36150288517234
817,99.75628229747224
818,88.71499094012086
820,100.19793033451958
823,101.56839851310497
829,96.3227860261959
830,101.57059383246661
831,101.18084618781336
834,99.46109331825556
839,100.64282381492973
841,99.96409045399054
844,99.18364767577992
845,100.14020600761376
848,101.87380542461835
850,104.8209257852028
851,100.53496927828263
852,105.67106796707282
854,100.83574885904574
855,97.20713643335847
856,106.98327960765619
859,101.82623251062512
861,99.4190909391645
864,103.93041683559272
865,100.05985704422443
866,104.39512256230012
867,101.91685449411807
869,100.44686961875016
871,100.08399129119204
872,99.33941224358881
882,99.79128139173974
883,99.12236515681741
885,104.1009787398745
888,94.75164712391268
893,100.59391198802354
901,103.535961038685
903,101.94651169647022
904,98.8047592991515
905,102.93206830002913
910,99.67830454266863
911,105.31793260218313
914,103.06263452736397
918,106.14429621117864
921,98.28550101483785
928,101.91828362029008
929,99.6872235337189
932,106.01494994135277
933,103.54348751255469
934,99.67830454266863
935,103.23710235436846
937,93.56311405852841
939,102.04705091727743
940,106.49776550866426
941,101.50703330374853
942,100.96881034129541
943,102.48347482894292
944,103.54126595443643
947,99.33941224358881
949,102.2088496612302
951,101.26777824795374
952,99.40615100017845
953,101.94651169647022
954,103.27306298157549
957,99.74742343307673
959,103.70764114343882
960,94.55349214594696
963,101.18787283237003
965,99.33941224358881
967,100.11832781767185
971,101.95193256801917
972,106.86287657848703
973,101.26808956510041
974,99.1888872323766
975,104.41176659829341
978,104.41947544269351
980,100.51064606947256
981,100.37314439445777
984,103.60010250089795
986,99.67830454266863
988,100.95699446683375
989,103.25931372335856
990,100.81295912583897
992,103.535961038685
996,100.72744285764458
999,104.92977602864931
1000,105.30185201849747
1001,100.05985704422443
1002,102.1163630011635
1003,101.23439563733524
1004,99.50010588706277
1008,100.68604444713952
1009,99.9607620695594
1010,101.74310469679568
1012,101.08791663685122
1013,101.17484876501345
1014,106.29242326603548
1015,100.03585205947428
1016,101.56732541989703
1019,103.59654037810304
1020,103.90982178987736
1021,99.67830454266863
1022,101.23835173523844
1024,99.67830454266863
1025,93.096609660203
1027,101.35172232877233
1028,100.45888882634682
1029,95.07329138527012
1030,98.60583616464356
1033,100.48694066090422
1036,102.39864903279442
1037,98.76465291614636
1038,99.68760533168137
1042,102.04705091727743
1043,101.29474958290524
1044,102.75351802163095
1045,98.90079146507719
1047,103.55415899215433
1050,102.01611043621494
1051,99.95328727844844
1054,101.51256198317833
1056,100.37314439445777
1057,99.43218241261354
1059,104.84497729431291
1062,103.62977782525348
1063,100.57797638656297
1064,100.37314439445777
1066,101.85401497659086
1070,98.41959911671631
1076,99.9440165342051
1077,104.72960283188206
1078,95.61576886158258
1080,100.77965797045482
1082,100.57414911045646
1083,95.39260776650815
1089,96.77761989211325
1091,94.75164712391268
1093,99.19467499690376
1097,97.91271994906913
1099,100.78477648134543
1101,99.67830454266863
1103,99.3516459523932
1104,99.55989166255807
1106,90.87646356331066
1109,101.97996743951973
1110,99.73149764165674
1111,106.70400390140105
1112,95.9386577477697
1114,99.82962992592553
1116,98.88301618330189
1117,89.72558265836284
1120,100.36398970560964
1124,99.60734586572278
1125,97.13796290819386
1126,103.80650504189583
1134,101.43563773298428
1137,100.06815105936789
1138,98.39160133572187
1144,101.58929129180837
1145,98.33344271410238
1146,102.61052562101133
1148,103.5300318349041
1150,100.93566593166179
1152,99.18364767577992
1153,106.93570914878848
1154,100.45873933490401
1155,102.69306708620121
1157,105.19274366207941
1162,102.04705091727743
1165,99.99714359886883
1166,98.489942784427
1167,99.75092409481255
1168,100.72344356276415
1169,101.82623251062512
1171,100.67198762616499
1172,101.4317013790128
1173,101.82623251062512
1174,102.95068812590483
1176,98.99819372778177
1177,103.67911358593108
1178,103.8127178813001
1182,98.96691241603281
1186,100.24859912281096
1187,98.68991968784763
1188,100.0601474692532
1189,102.29050256296
1191,96.41985290826858
1192,102.17078017052182
1197,101.39882391967751
1198,101.69134411484754
1200,105.07678567290623
1201,100.78824208546621
1203,104.12716139469944
1209,101.18787283237003
1214,100.8415382720874
1218,96.36848864984995
1222,99.24959878647536
1226,102.61293378762161
1228,100.43315141997999
1230,102.98847345547324
1232,103.17911244186269
1233,113.30326284648112
1236,103.24564150974919
1238,102.43873148860348
1241,101.58929129180837
1244,96.77335342499856
1246,99.88129556751142
1247,103.14685729046715
1250,97.46439691447483
1251,99.95780378375702
1254,104.59947058750697
1255,102.53575991595932
1256,106.20426637207277
1257,97.36470883453427
1258,97.63119590253535
1259,100.70826326739228
1260,99.76995135314337
1263,100.22022110785679
1267,101.02933373969137
1268,93.54733255128804
1271,102.87195266331548
1272,100.59391198802354
1274,83.13160505486746
1275,102.04705091727743
1276,99.95328727844844
1277,101.15964682770073
1279,102.61052562101133
1281,106.57987076513342
1282,100.0601474692532
1283,104.02397421021897
1285,97.28054397274263
1286,99.51905584061541
1289,99.17333061430662
1296,102.87809804405873
1299,99.57980509634854
1301,100.72744285764458
1306,103.48532206000675
1307,103.42404418626933
1308,104.02032482363705
1313,99.95328727844844
1314,105.90905866785471
1315,99.73149764165674
1316,99.86271192354343
1317,100.26503107750989
1319,101.30019669370733
1323,100.87158411553787
1324,101.9646737120118
1325,102.4056069506392
1328,101.47935613678845
1329,98.66337081484465
1330,99.4190909391645
1331,103.94769062929583
1332,103.88929736289936
1337,99.3817962155702
1338,106.47258263483997
1339,100.18126932812174
1340,102.49597023352413
1343,104.17925089629591
1347,103.87936148471192
1348,99.4808566100869
1349,98.4823894449109
1352,102.61052562101133
1354,98.55969244543383
1359,104.77893818825083
1360,100.301026579432
1363,100.26503107750989
1364,94.24000063976968
1365,96.60563306248224
1366,105.03402260492646
1372,100.45009029836177
1375,97.66133714379703
1376,99.55535502695795
1378,107.00165451291173
1379,105.03742043562403
1380,99.67830454266863
1381,101.82623251062512
1384,95.98609510306562
1387,99.57980509634854
1388,100.43573596149866
1392,108.37645796177162
1394,102.97595456497947
1395,101.83692561517068
1396,99.65183929563278
1398,106.85482091516036
1399,99.65183929563278
1400,105.57130531962736
1401,98.85596691335923
1403,99.28356870810848
1404,102.5229473931779
1406,99.65183929563278
1407,99.95343343964186
1408,100.22022110785679
1410,101.02933373969137
1412,99.33941224358881
1413,102.62188956624175
1415,101.6651699597819
1420,100.22022110785679
1422,96.36848864984995
1423,111.42177067801322
1424,100.22022110785679
1425,99.54230808740022
1426,101.02933373969137
1427,104.12716139469944
1429,96.56287895114383
1430,102.3894874870395
1431,97.52113157994745
1432,105.87631899354687
1434,98.81735990729936
1437,100.00985376488649
1438,98.52546536656371
1440,105.83672440291696
1441,102.5682886072164
1442,103.8127178813001
1444,102.1298117300924
1445,101.47334693620803
1446,101.09429541500867
1448,103.37553050111995
1453,103.00245124426812
1454,99.33941224358881
1455,102.17078017052182
1456,94.5181035772818
1458,99.33941224358881
1459,98.85611256115766
1461,102.02900551736792
1465,99.57980509634854
1466,99.85516372363901
1469,100.87158411553787
1472,103.00245124426812
1474,99.84638559815971
1477,95.50546497029194
1479,101.78752857744598
1482,99.10469990223822
1483,106.5233671214524
1487,100.83959919641921
1488,99.18551615256644
1490,101.04197577772584
1492,105.55513739071387
1494,102.67047850805312
1496,95.96111404213855
1497,101.71779368153653
1499,98.47960273869097
1502,102.42182968530614
1507,97.54576748836388
1508,102.61052562101133
1509,101.33002741519363
1511,100.53477676859944
1512,102.14898211399037
1513,94.90226557754562
1514,108.2556125475819
1518,100.99186707698425
1519,97.77994340098587
1522,98.91025227583123
1524,105.13172879825089
1527,103.8127178813001
1529,97.95544883552111
1532,97.47617041968283
1536,97.74948055584042
1537,101.18787283237003
1539,99.0393722901693
1542,103.1585308871031
1543,99.55535502695795
1544,102.70909585269658
1545,91.52189140745406
1550,99.24585671530588
1551,90.32761468623869
1554,104.98655220300753
1556,99.18364767577992
1559,97.36470883453427
1560,100.39019627917753
1562,104.18269547200128
1566,99.96914435516743
1567,98.6123371590594
1569,100.45959690865635
1570,95.62663487550401
1571,97.97741752761192
1574,102.61052562101133
1578,101.8326064290631
1580,102.89292617042162
1583,97.19172150734562
1584,102.61052562101133
1585,102.47136493275826
1586,103.51560057090416
1587,101.23439563733524
1588,97.40057548610974
1590,97.32209908200656
1592,102.15776139049461
1596,98.96381008229434
1598,103.46178236930757
1599,100.26369018247033
1604,112.05609852599281
1606,97.05227326575607
1607,102.62188956624175
1608,99.81072614408049
1609,100.67198762616499
1611,106.95279978723931
1613,101.58466261605093
1616,100.16470017566121
1619,102.88239613495881
1620,103.16754175876673
1621,103.48339583235713
1622,102.71383989231026
1625,103.535961038685
1627,100.67198762616499
1629,100.61856602818722
1634,101.83503777728299
1636,102.36131236305431
1638,101.39274682008914
1639,100.22973502239961
1641,104.25360769390181
1643,103.54894832697738
1644,100.65585493005187
1645,102.29050256296
1646,99.48279926371913
1647,104.87541392623905
1648,103.07162935394621
1652,102.89292617042162
1653,97.01842711468879
1656,100.33395240543564
1658,100.26369018247033
1659,99.1633183961186
1661,107.00486963243776
1663,102.62188956624175
1664,98.99876180487126
1665,102.81668952571607
1666,99.18364767577992
1667,97.07563291095965
1668,100.95168341460499
1669,99.31528396282772
1670,105.0398234657793
1672,96.45478917314034
1674,106.29242326603548
1677,99.18551615256644
1678,100.92294890429429
1679,100.36678887633241
1680,99.04370856437401
1683,102.17019884259457
1686,99.6484280453372
1687,96.03942700109218
1689,97.75632882976328
1690,104.89890362784809
1691,101.75457075314773
1692,98.30221196509711
1693,102.61052562101133
1695,102.13944073980747
1696,103.00245124426812
1697,98.85203445855274
1700,99.18364767577992
1701,99.44015591312757
1702,101.60870275172272
1703,100.68973209250072
1704,105.9256414697154
1706,100.88984692970007
1707,103.60010250089795
1708,100.68448676339244
1710,101.99414730458051
1711,101.62242376033242
1713,99.82661261008138
1717,101.23823692194065
1719,101.8326064290631
1720,98.81984760812549
1722,102.18503930431484
1725,99.25252449449727
1726,101.53213790033726
1727,99.065301055632
1729,103.09500708570977
1730,102.63789538194715
1731,105.84083777780882
1733,99.18364767577992
1734,101.11231577211333
1735,96.36848864984995
1738,101.58466261605093
1742,95.2146191075496
1745,106.29242326603548
1747,99.12746938299335
1749,98.80843899539019
1751,100.56125780535274
1752,102.2441944790528
1753,99.22323172220223
1754,100.7771564618364
1755,105.31333679806403
1756,101.85092691074402
1758,98.67331837187902
1759,102.17078017052182
1760,102.11525024754798
1761,97.75917789783472
1762,100.58797438618961
1763,97.64323437302738
1764,265.30426361421945
1766,100.35855186155192
1768,100.51970725714159
1769,103.90803481136999
1771,104.40410755718744
1772,100.92363959225867
1773,101.00183303320807
1774,107.33672339082682
1775,99.90584133250485
1777,101.74056419267794
1779,102.17078017052182
1780,100.85876185497182
1787,100.68973209250072
1788,101.52665908359427
1790,100.98599596401078
1796,97.8580547355337
1801,95.89816598284023
1803,100.3524618914825
1807,99.87967229046905
1809,104.77413763105221
1812,102.55497055451485
1813,101.9888533109995
1814,103.90327955840473
1815,103.06073503428036
1816,98.2535378782622
1818,101.91655581086115
1820,103.91743990171807
1821,103.55415899215433
1822,103.0970855582134
1825,95.6884922298575
1826,100.22186677366363
1828,100.23336121844073
1831,97.96380076013389
1836,90.59816276837051
1837,100.55526347942725
1841,99.84638559815971
1844,100.40781061197475
1848,102.9913287074333
1851,99.0393722901693
1852,95.05966538798612
1853,100.33186711280848
1854,105.63333518637268
1856,100.5613566015029
1859,104.08123880883846
1860,101.04544007686883
1861,97.53007740995315
1863,101.75134438096336
1865,101.50703330374853
1866,99.24353560251751
1867,105.98616965320127
1868,101.26510218694904
1872,100.1851445375026
1879,102.7947584604488
1880,99.11972198391368
1882,104.85877941055065
1885,102.17019884259457
1887,105.52982624562122
1888,103.17619258270503
1890,96.95324817038556
1894,100.70291832789172
1895,95.68333766341362
1896,103.18002529946085
1897,100.13035159133483
1900,99.38149775210252
1901,97.36470883453427
1902,100.18166209164741
1905,102.04367586477707
1906,101.48933641410702
1912,101.94651169647022
1915,100.05761478913342
1916,97.79817788887567
1917,100.17070636788333
1918,102.36724630522741
1920,101.66379052450168
1923,103.45846288530879
1924,107.83542567540013
1925,102.14473177091327
1930,100.67198762616499
1932,99.65183929563278
1933,103.33964001159205
1934,100.14913948925067
1935,98.24937356879383
1940,101.02933373969137
1941,102.53436592117112
1942,98.37964981761013
1943,97.94756132450584
1944,96.27705169866948
1945,99.78469493097629
1948,101.18787283237003
1949,101.67857507497877
1952,102.43398723239488
1954,102.61052562101133
1955,100.22022110785679
1958,103.75663399285759
1959,97.73852274662522
1960,97.64323437302738
1963,103.12029114153114
1965,100.70124922321003
1968,97.92319045762463
1969,94.24000063976968
1971,101.60603581236381
1972,97.86856322064222
1973,99.28718250394576
1975,99.38993771535479
1977,112.51774777998037
1978,99.25174429058353
1979,101.08034641291414
1981,100.83157800571428
1982,97.58596822518365
1987,100.7391092545974
1988,99.96914435516743
1993,101.0115318652364
1997,102.2549018641011
1999,102.45888446637241
2001,101.58466261605093
2002,102.64115059328333
2003,105.65610258496213
2004,87.26409129526729
2006,98.62322321816964
2007,103.14854741001955
2009,101.95996301656743
2010,102.06152928181854
2013,100.24221539272833
2018,92.30474932924591
2022,100.24859125283592
2024,105.968982663401
2025,101.38145124330396
2026,98.20278242217546
2030,102.8056508570354
2031,102.77749485509611
2032,101.94651169647022
2033,96.80099438791103
2035,101.44695443279778
2036,97.73792495072388
2037,98.22163216126114
2040,101.34784000455858
2043,103.31796525339035
2044,102.19974126173025
2046,99.4510835481318
2054,96.51953100790848
2055,100.99701561922501
2056,100.85876185497182
2059,101.67147373828328
2060,97.36470883453427
2062,100.64060014168274
2063,101.1728722493055
2066,100.70291832789172
2067,95.72910767049939
2072,97.96013178483776
2073,98.20225425405363
2074,106.62837197620547
2075,98.85855049249028
2076,98.64823813142658
2080,99.19940842613818
2082,97.36470883453427
2085,98.6948887498329
2087,99.77261085444877
2091,91.55203067398696
2092,107.58068774165957
2093,100.85876185497182
2098,104.50192353308972
2101,97.64323437302738
2102,101.52289704415102
2103,101.02933373969137
2105,98.91248725503226
2106,102.74836416796666
2107,102.23902900861742
2110,100.10202205521523
2114,102.6528334369923
2115,99.72736219195133
2117,108.05342531098484
2118,103.58880141081784
2119,99.74284732802164
2120,100.40969978029659
2122,100.8176376759539
2123,102.0097939439928
2126,102.08006972295038
2127,104.96390825078271
2128,99.53525993812372
2129,102.72224897571607
2132,107.33653750242763
2135,98.90341293245547
2138,98.8440736915523
2139,100.67198762616499
2141,102.19941244192387
2142,97.90552083694303
2146,103.95057320410615
2151,102.8696423082718
2157,101.15094145984267
2159,98.74362516177064
2162,102.69306708620121
2164,100.89125938434125
2167,101.28393051557634
2168,101.6474026468789
2171,105.96908837079974
2173,101.03320894857853
2174,100.59088554351081
2175,99.71519409066661
2178,97.91946000134658
2180,101.58466261605093
2185,96.94943405732039
2189,99.12567342527262
2190,95.72910767049939
2192,102.80572971363375
2194,109.44420340965553
2200,94.14348169297136
2201,104.31544244639974
2203,101.66578934918658
2204,106.137796895017
2205,100.03097431498492
2209,106.66242457080216
2213,101.27557735740555
2214,102.91835328256309
2215,97.64884278258933
2216,104.65083103181263
2218,99.10767315402205
2219,93.00752965008832
2220,100.301026579432
2222,100.6875010481047
2223,100.67699574068826
2225,98.32182285131574
2226,101.1983271599683
2230,102.99277620883703
2233,96.68999570570327
2234,98.54847436842982
2235,106.137796895017
2236,103.38689197698011
2237,103.49413934516298
2240,106.17122827061206
2241,99.75005714644607
2248,96.49827286035372
2249,113.21870634908265
2250,100.48274372749916
2252,96.89569134842935
2253,100.7311038383533
2254,97.58248312721963
2256,94.69946127595608
2258,102.48398708794167
2259,101.62950287293847
2262,100.70291832789172
2265,99.8863099948374
2266,103.22447565161832
2269,106.87158411845542
2271,97.00181644551071
2273,99.66209341315846
2274,102.44627149771418
2275,104.00444978055089
2277,102.70790673481275
2279,106.137796895017
2280,105.81870325208814
2282,101.58466261605093
2283,100.47612850622573
2288,100.12170633675765
2289,99.2532411900155
2291,101.78405587232828
2292,100.10259153816048
2297,101.15339474074807
2298,99.89499353827301
2299,112.80420636830547
2300,98.2804424587805
2301,99.81187991129713
2304,100.99701561922501
2305,101.66149880900622
2306,100.70291832789172
2308,97.80085590892168
2309,97.25814922607083
2311,88.45796678065716
2312,103.82454001944052
2316,97.55131827266604
2321,101.62242376033242
2322,96.13467838505397
2325,101.94303414690938
2326,101.85664280779577
2329,100.10259153816048
2330,103.41069406109426
2331,103.78045272554266
2332,97.20495172399524
2333,100.70291832789172
2334,99.26847579146425
2335,106.20426637207277
2337,100.6658773317302
2338,102.18799483607154
2340,97.20495172399524
2342,102.21102609898162
2345,98.97500564407966
2349,95.5169301697822
2351,99.96887109086242
2352,100.72078740923081
2354,101.69627352184136
2355,95.0442485381758
2357,98.32182285131574
2358,99.11702064479579
2360,105.29289605790387
2361,101.69627352184136
2364,103.8127178813001
2366,101.5109814663474
2369,104.09262048230482
2370,99.8034877399678
2371,98.08274362298698
2373,106.54228164400365
2374,100.73021625767666
2376,101.23439563733524
2378,100.95914005414096
2382,97.99493235964394
2383,100.46978161640607
2386,100.11890692526447
2387,102.5674166536437
2389,103.98238998281795
2390,96.65052300915414
2392,105.32524268483638
2398,97.20495172399524
2399,100.88465079743554
2400,98.80618207000657
2401,97.76685583403344
2402,101.51256198317833
2404,102.91201512683733
2407,103.82926534610533
2408,99.44298840130739
2409,97.42644561714206
2412,93.43752007366317
2413,102.184950152032
2415,97.99331109204218
2420,109.25426366976768
2422,100.7145428313587
2423,97.8355251638526
2426,100.07633290894671
2432,101.59307001419614
2434,103.96319803261122
2435,103.10200022337852
2436,102.01158830927665
2438,102.27926585845495
2440,91.23792148767416
2443,104.9572427757044
2444,100.49916803415567
2447,96.49827286035372
2450,101.71873298517102
2454,99.09738725166716
2455,101.36742633655263
2459,100.70291832789172
2460,106.15186011982286
2463,101.11571063259879
2465,101.52496552136296
2468,101.02933373969137
2469,105.65610258496213
2474,101.81766331976189
2478,106.56194144206523
2480,101.17222236371532
2481,106.17122827061206
2489,101.58466261605093
2490,102.8056508570354
2492,98.24937356879383
2496,100.70291832789172
2497,101.54619371268836
2500,100.56809689006667
2505,101.34784000455858
2507,101.51750778261822
2508,100.03097431498492
2509,98.7518421944618
2510,109.05264336290833
2513,99.70021401115548
2515,101.58466261605093
2518,100.46978161640607
2519,100.29953046516295
2520,100.46978161640607
2521,103.77404925173693
2523,95.8984755394352
2525,101.39346123541719
2529,101.1433160710422
2530,104.81018087112034
2533,104.92441436933979
2535,100.6258332822714
2538,103.12644565339735
2544,92.06270768679337
2553,101.81097131830677
2556,99.72389167350883
2558,103.10249464567784
2559,104.86261601778932
2560,101.9764256769725
2561,101.35245766129538
2562,101.79973045435219
2563,99.75837851174822
2564,103.48532206000675
2565,96.68999570570327
2567,101.38322497821673
2572,102.37460176335833
2575,101.29735530268619
2576,100.46874115048143
2577,105.44141016512003
2578,111.45196104552139
2579,113.48937996459847
2580,109.83401873968171
2582,92.80103925234164
2583,78.45196208227924
2587,100.22874221279307
2589,101.53239436660942
2590,98.95239273234438
2591,101.1433160710422
2594,103.55849640455716
2597,100.44074679387126
2598,99.74700083562357
2599,100.63225989652477
2600,101.84397560762272
2602,102.52654825562763
2603,102.37460176335833
2604,101.33561242586245
2606,98.22498208040884
2607,102.2441944790528
2608,97.96013178483776
2613,100.03097431498492
2614,96.71091900336273
2615,101.73737039067339
2617,101.45886402039946
2620,100.93566593166179
2623,103.71003772322939
2624,99.34626145774877
2627,100.03097431498492
2629,102.2441944790528
2630,100.9996818571351
2632,95.40084694497034
2636,103.68826791944366
2639,101.04536573560642
2640,104.10411329923238
2642,101.1433160710422
2644,98.90341293245547
2646,101.24450623664654
2647,101.21133943471915
2649,99.69764538389438
2650,100.82971484603854
2652,99.18364767577992
2653,97.08364062617954
2655,100.89682631905885
2657,97.20495172399524
2659,99.65183929563278
2662,99.62026474499618
2663,106.17122827061206
2664,99.19192178365222
2665,100.83316174348624
2670,100.8539299265426
2671,106.92230138630094
2672,101.82823672000939
2675,99.18364767577992
2677,102.0539071034342
2679,101.01567593803986
2683,101.82393425679919
2684,98.90082915893441
2685,101.51117038543316
2688,103.28906765055712
2689,104.39122986735123
2690,99.51612069856867
2693,103.42882099185624
2694,103.17164024091142
2697,103.2682337273776
2699,101.53045980485302
2703,105.41694777274722
2705,100.0750362295883
2709,98.11078363711692
2710,94.58091253687348
2711,105.76973697285956
2712,94.31771050389574
2713,97.55904221228121
2714,102.40060450252605
2715,102.95420289939233
2717,100.1906717491533
2718,111.48947405098454
2720,97.70446066195717
2721,100.22433970275188
2726,102.47978067789512
2728,103.22778759539835
2731,101.069804012404
2732,101.58929129180837
2734,99.27330309492095
2736,102.05119285613245
2737,103.4637480332101
2738,100.41965766672723
2739,97.97598099710336
2746,100.30899738093649
2749,102.2363937501026
2751,102.29050256296
2752,101.50608167048841
2753,104.55859596857891
2757,101.95996301656743
2758,106.95122305269797
2759,101.21711914982143
2760,98.43606235097019
2762,102.14384427922403
2764,102.87907843038272
2765,97.0061400440033
2769,103.86397121791481
2771,99.99361528111103
2774,99.428057103696
2776,98.39087088527293
2777,109.68760257826051
2778,97.36470883453427
2779,100.26905741224198
2782,99.11512247028816
2784,102.32281320873483
2787,99.59149228849907
2789,100.8261965227847
2792,98.92653663636776
2798,102.1251076552515
2799,100.672788698256
2800,101.35048363524902
2801,95.96414912018918
2802,101.43330691937115
2804,101.45083253217348
2807,96.60563306248224
2808,101.47745604983425
2809,111.01940249010607
2811,93.93018191370265
2812,101.06825072899608
2814,101.09927481898961
2816,97.70959538971488
2817,97.68848984138049
2818,99.99842946123977
2820,99.98997312802999
2821,99.17596904460021
2822,105.78074569737282
2823,101.64042135326781
2824,101.60833217220761
2826,105.64544181165894
2829,97.54845669163097
2834,98.60416917352643
2835,84.11080305839431
2838,101.77520061354522
2839,101.46122787880927
2840,99.58235668350738
2841,99.220270183906
2842,100.70291832789172
2846,99.82159622745877
2848,102.63904545292826
2849,98.55677572161386
2850,102.40060450252605
2851,102.04705091727743
2853,101.32972936203839
2854,101.1433160710422
2858,92.31300092209642
2861,99.6032717750648
2864,98.24937356879383
2865,106.17122827061206
2866,98.19720319476886
2867,101.55812132503075
2868,98.64673224844273
2870,96.80912093029764
2877,100.41030855057608
2878,100.03097431498492
2880,101.47082951974858
2882,99.52037888463985
2883,101.37366026088114
2884,102.1409285225323
2885,102.52296922256664
2887,101.58466261605093
2888,100.4435249600819
2889,102.49026280135058
2890,99.00808325170902
2891,88.92419156364713
2892,101.56732541989703
2893,98.46123846910797
2898,105.95557388740446
2899,101.64609477486164
2900,103.75960125540252
2901,99.76646625614137
2909,101.36721074696351
2910,99.41027430626076
2911,102.50439534667237
2913,100.05181407724172
2914,102.53160022306548
2918,99.56525029561237
2919,97.23856608180381
2920,98.1717893223144
2921,100.03097431498492
2922,102.47113115609108
2923,99.10239435773485
2925,106.46775780499348
2926,101.29253321010776
2927,100.26282022110684
2929,100.99186707698425
2933,108.4325239996208
2934,101.57266764318825
2936,94.46026840409621
2941,98.61306953233554
2942,99.07333559783604
2943,101.80396749232824
2945,100.91668423641056
2950,97.41551161179217
2951,100.54615774639933
2953,104.84081268361558
2954,98.07720763903563
2955,100.44852276496084
2956,103.58449927482292
2960,98.66872237363805
2962,100.89368845284935
2963,95.57352074179727
2964,99.28839622304122
2966,102.26099349222318
2967,103.31813721404279
2968,101.95837607215373
2969,99.38993771535479
2971,100.58346232873765
2972,101.15339474074807
2974,100.95634449161491
2975,102.84317825258557
2977,102.67047850805312
2980,98.91443257826177
2981,100.67370852394532
2983,98.69284233339846
2984,99.87081724605633
2985,100.10259153816048
2986,100.90037483603987
2987,101.15339474074807
2989,100.36496373511272
2990,98.3590533493313
2991,105.65911880119245
2992,103.90803481136999
2995,103.2682337273776
2996,97.95242298045616
3002,108.3259251576639
3004,101.90707242017834
3005,99.80701192328888
3006,105.45366032872346
3010,99.97442281454789
3011,98.56319572890277
3014,101.29253321010776
3015,97.79982624575655
3016,100.00985376488649
3017,99.19628002335702
3018,100.82958158861715
3021,98.31277328850382
3024,99.74700083562357
3028,102.20327659861681
3030,97.36470883453427
3032,103.58664062809669
3039,103.18002529946085
3040,101.30243265350413
3041,101.23045319418179
3043,98.90410862010208
3044,103.04470912949608
3046,98.98952587610137
3055,101.83782493409251
3056,100.15804094049474
3058,99.81909014799976
3059,97.10272111203756
3061,101.18787283237003
3063,100.23321928051195
3066,102.27039179352425
3067,99.74700083562357
3068,100.84132950095204
3069,100.22433970275188
3072,94.71373516403384
3073,99.42464226855839
3074,103.86926520773795
3077,95.07366767503333
3082,101.92115011188372
3084,103.2682337273776
3085,107.16740455880984
3088,98.90341293245547
3091,100.82446402229533
3092,99.72520872500166
3093,100.40805565089943
3094,101.069804012404
3096,100.14913948925067
3097,102.63789538194715
3098,98.12860253198738
3102,94.80733799807479
3106,100.993671075316
3109,99.19199071187461
3111,91.44411325807278
3112,99.80701192328888
3113,99.3412699141548
3115,97.96013178483776
3116,100.26311324476814
3117,98.55257726725665
3121,105.18781627999022
3122,101.14503255468298
3123,100.56809689006667
3124,102.9610319850143
3125,100.00985376488649
3126,102.19154050782333
3127,101.75457075314773
3129,96.74119987142211
3130,96.09576802620376
3132,102.7191581351803
3134,97.36532618811736
3135,101.24574089865825
3137,106.28080953247598
3138,102.20894769386729
3140,89.63879998612487
3144,100.15291841958043
3145,103.70902001603906
3146,101.73737039067339
3147,99.17531502831127
3148,105.20800709613127
3149,99.95203357048018
3150,100.36237936648467
3151,99.96800555886637
3152,86.81065360260357
3155,99.83700849026457
3156,102.40060450252605
3159,100.20578562712865
3161,105.61870394182353
3162,100.84487224100792
3163,98.90653836908581
3165,101.83016972291887
3172,101.05565626552806
3173,104.08729022171548
3176,102.72739374106385
3177,97.50489284011411
3179,102.84317825258557
3183,106.1402677380699
3186,99.41629482210675
3187,103.59653059032229
3189,104.85342292620004
3190,98.23646608418392
3192,101.75457075314773
3193,101.05565626552806
3194,96.07359365767769
3197,102.87195266331548
3198,101.63313003502509
3200,100.98783599373706
3201,102.37100707228734
3202,101.63313003502509
3204,101.34784000455858
3205,96.85189191708537
3206,104.58149838987873
3208,99.5215739620993
3210,99.58974434662503
3211,110.50997408393562
3212,101.18787283237003
3213,104.40179242271523
3214,93.54733255128804
3216,99.00808325170902
3219,100.36184818646973
3220,112.4965593431138
3221,99.3412699141548
3226,100.53583976314906
3227,96.31433029999442
3228,100.11952002224814
3229,96.41830219384872
3232,101.02933373969137
3233,100.8272899042309
3234,99.37410223195673
3236,97.46208536813646
3238,101.25173839045908
3239,100.72264730392823
3240,99.5692384736189
3247,99.92712783949531
3249,99.60734914693569
3252,101.2595998275105
3253,100.24835671938257
3254,101.36645669031793
3255,100.52479802830663
3256,102.2688365380663
3257,100.04123992911894
3262,103.65532530836816
3263,99.18364767577992
3264,103.58449927482292
3266,103.5677767637489
3267,99.48511400203131
3269,89.41224174121197
3272,100.10259153816048
3274,102.87195266331548
3275,109.92591373581519
3277,98.60528938455025
3279,104.40516493994676
3280,99.30560302223091
3283,98.37735962355367
3285,101.58466261605093
3287,108.81330721519004
3288,99.74700083562357
3290,102.67747782709125
3291,103.8254193702196
3298,103.10312221075787
3299,104.49600003752869
3302,105.55002382049287
3303,102.26572271032404
3304,97.37626763951278
3307,101.0510778954515
3309,104.40159998500735
3314,100.53581223396924
3316,98.92089589135884
3317,81.00953201860585
3319,100.64008626152685
3320,100.03621371137416
3321,101.28373299813171
3322,101.08765862717632
3324,98.11468741599452
3326,100.33447983603315
3329,103.88920955044398
3330,103.48532206000675
3331,96.04894903304324
3335,101.56732541989703
3337,96.61038410889239
3338,105.66062980301388
3339,98.27873881516621
3340,101.67125789309819
3341,101.1254598907646
3343,99.12160654521728
3346,97.80627114008553
3348,101.62015683423766
3351,99.74700083562357
3352,99.79395339970631
3355,100.3805930561856
3356,104.5559728390287
3358,100.5389864446417
3359,95.05966538798612
3360,107.01342733097994
3371,99.50688805666493
3372,98.2190137117455
3374,100.02733870212705
3377,94.50656160292141
3378,98.18682297072428
3380,100.93928380289714
3382,101.24821339587317
3386,102.15147109617368
3389,102.0217792718854
3391,97.39067746934813
3393,98.91315801875805
3394,97.69180965304525
3395,98.99787563024631
3397,100.03097431498492
3398,100.67082039976765
3399,106.46221220455726
3400,97.91271994906913
3404,101.91110524839905
3407,97.47212243164114
3409,98.19381252078665
3419,98.27649746896344
3421,100.08293561492707
3425,104.49054944434829
3427,109.33142438147775
3428,100.10259153816048
3429,99.5432135919508
3431,86.51054614371634
3435,101.0851339448916
3436,102.72891682117506
3439,100.94284702457549
3441,98.60166052911927
3442,100.10259153816048
3443,103.65532530836816
3444,100.1084846904181
3445,103.2593051982144
3446,100.74873833845913
3449,97.36470883453427
3453,100.88346485337439
3457,107.85415881081013
3460,99.851810693353
3461,103.14755474302069
3462,103.00245124426812
3464,100.23321928051195
3465,100.84132950095204
3466,97.97905356093315
3467,104.75446945421601
3468,101.2811690408451
3469,99.2361589833385
3470,97.6705394064494
3472,101.1433160710422
3473,102.37985902739553
3475,102.88971817458173
3476,102.668240681106
3478,100.74324024979438
3479,100.242280247488
3483,98.32209291142073
3484,100.90361756667471
3485,100.44197612671564
3487,102.60948621598396
3488,102.91072968500083
3496,100.7121411241921
3497,104.99868478344831
3499,97.52113157994745
3500,103.41838089644625
3501,101.29735530268619
3504,97.56356892304774
3508,100.85876185497182
3511,92.79496231965209
3512,101.44263897587865
3515,101.36713469716545
3517,102.68739754461615
3518,91.79623345611077
3526,98.48033319275555
3528,103.91202751111018
3529,102.05058311454081
3530,98.14813177533165
3531,98.83216791753188
3532,104.5216077146514
3533,100.45824584783247
3534,99.86356915142397
3535,101.82723184181646
3536,102.9339597320585
3537,96.5644082416186
3538,99.73939746443489
3539,104.21002865907036
3540,101.09584527210433
3545,98.98695788632153
3546,101.47889599523921
3550,101.60008298552731
3551,101.40468997575624
3553,98.58386037152525
3554,99.851810693353
3557,103.49413934516298
3558,101.09975660335027
3559,97.36470883453427
3561,100.00617141857828
3562,100.03097431498492
3563,93.83428539744028
3564,99.74700083562357
3565,103.2593051982144
3567,99.74149883462479
3571,99.74700083562357
3572,100.30466616905846
3574,97.85585767072968
3576,100.22416231659935
3577,96.32465830422291
3578,102.73597967468618
3579,100.61260559784381
3583,104.30941033042393
3585,98.049517214059
3586,100.05558790347419
3587,97.8580547355337
3593,93.09463710393118
3594,101.31819107617162
3595,103.18002529946085
3599,102.0311999287805
3600,101.54527150869353
3601,101.1433160710422
3602,97.36470883453427
3604,100.88905891892409
3609,103.97187457828409
3610,108.92242707661842
3612,97.45228128063121
3614,102.65481042449602
3615,102.49134857346547
3617,103.52322921953015
3618,99.46710321006213
3619,101.63767246412317
3620,99.01553415738778
3621,102.60018426331607
3625,101.36035396137379
3626,98.54424293952212
3630,98.15827373618441
3631,99.3919924194887
3632,98.60648977919715
3633,98.07007482041706
3634,99.69578238501896
3637,96.36738838187546
3639,102.04561318940938
3640,93.91226669608318
3641,99.0377411514578
3644,105.95275483754824
3645,99.68589698844391
3646,95.93529486948847
3647,96.62678198444604
3648,100.13956758745127
3653,99.2154722068953
3654,98.2958843766931
3655,95.80376603664268
3659,100.1450124300568
3660,102.80135809054667
3662,103.4383303259055
3666,98.82296068603796
3668,102.24021106241094
3671,99.00797376035814
3673,100.34675367974921
3674,101.51951274517921
3675,100.11662881137471
3681,99.00346332035582
3682,98.59414459103465
3686,93.54733255128804
3687,97.26851413557694
3692,92.00601212207903
3695,99.83118686238578
3696,98.96939162687772
3699,96.56877006383502
3705,97.37883160973655
3707,101.02933373969137
3708,99.71320724618408
3709,99.35227900526638
3710,104.85877941055065
3712,97.23336654510689
3715,100.59152605266723
3716,100.41756320711318
3720,101.00829321630027
3722,101.02933373969137
3726,100.86872511774453
3728,102.0725719811889
3729,97.97516592940752
3731,102.46698731984327
3735,103.12311257084502
3736,94.21051486588868
3739,100.13935591854101
3741,99.71848297423884
3743,97.68737722137007
3744,100.98599596401078
3745,103.20029328957838
3746,99.42743548481195
3751,99.03942073317847
3753,98.56835928718027
3760,102.44460115999277
3761,97.80423258271202
3762,100.31867066812998
3763,98.8684121826551
3765,97.35432152958765
3768,98.66554666672988
3769,101.0527245188137
3770,98.44912338517895
3773,96.75055255265346
3774,103.91570658707792
3776,101.30631722522821
3778,102.195666087149
3779,98.08927017751824
3780,102.44989850822446
3781,102.76894324307142
3782,102.32441355893167
3783,100.90217157959614
3784,96.47993327976849
3786,100.86872511774453
3789,104.56653160080555
3790,99.20898152294228
3793,103.92460710962519
3795,101.47082951974858
3797,103.92091449710557
3798,100.10259153816048
3800,102.72891682117506
3804,103.270929595025
3810,100.50144631228346
3815,97.32889428290349
3816,103.270929595025
3818,100.92657844932916
3824,101.1433160710422
3828,94.48311486210861
3830,106.8043081894092
3831,99.02593190112196
3832,102.2441944790528
3834,98.12652343009484
3835,100.61059149697621
3836,103.66801947960352
3838,101.58466261605093
3839,101.18787283237003
3840,101.63347972772453
3845,99.8324898580936
3846,99.65183929563278
3847,102.68739754461615
3849,97.11579687573465
3853,101.9494779289492
3855,100.85876185497182
3856,100.12785460858873
3864,86.59586228324736
3865,101.63140909045416
3866,98.12348767999197
3867,105.57055891748212
3868,102.72891682117506
3869,102.35247224372961
3871,99.19531706967916
3875,100.03018321030027
3876,100.182681572857
3878,98.56525857793719
3879,100.61037282937218
3881,102.72891682117506
3883,94.05758894829432
3884,100.97137440048351
3886,98.61112484663539
3890,89.26236823976518
3893,92.80521631737594
3897,97.43231539979757
3901,97.23579303934741
3902,97.64323437302738
3913,103.48188874155039
3914,99.98203639633766
3916,102.380802232201
3917,97.49266108235588
3924,100.19678455751466
3925,100.4214973088661
3928,99.83881193194702
3929,98.30911308438215
3932,105.26214211708032
3933,99.00808325170902
3934,97.59276707721256
3935,98.24937356879383
3936,103.05577539341436
3937,99.65183929563278
3938,100.80122382429818
3939,103.66801947960352
3943,99.57835132673438
3944,101.1433160710422
3945,100.3682634496626
3946,100.46314003089435
3947,102.99175994838191
3948,99.93554008877157
3949,101.25173839045908
3950,101.22865990557483
3951,100.3634609809942
3952,103.00245124426812
3953,99.9861771038021
3961,106.62973467726823
3962,99.51541063305285
3966,98.71067496598022
3967,98.39944534593388
3968,101.16403541323456
3969,101.0582359505089
3970,97.20713643335847
3971,102.8056508570354
3973,89.80277237812254
3974,101.01056983017213
3975,97.70461180422751
3977,99.08118896588036
3979,106.61350963612296
3985,98.0777772687731
3986,101.6221534921745
3988,103.77593115943205
3991,103.4637480332101
3992,98.50184291598373
3993,97.69866093343728
3994,96.48747095416695
3995,107.62757305558853
4005,101.95782223352899
4007,100.03717242571304
4008,97.54044886212984
4009,100.41993603821237
4010,92.07237148479243
4011,106.87868006943137
4012,96.6295900796423
4013,99.0393722901693
4015,99.80898399828897
4016,101.44430997707934
4018,102.84317825258557
4025,102.81668952571607
4026,102.40060450252605
4028,99.48678328918788
4029,103.71040541012462
4031,104.65279140120577
4032,104.46212315522592
4033,90.89249696119128
4034,101.77409114318078
4037,100.7263086970728
4038,101.71735007095498
4039,97.77242012447101
4041,102.11821927567206
4042,102.23241792301286
4043,98.93001032436734
4044,99.00808325170902
4045,104.91814045778062
4046,105.6094989191788
4047,102.39285623757326
4048,101.05962802807096
4049,100.4420775942935
4051,100.78349481218316
4052,99.25925909762583
4058,99.851810693353
4062,104.73242363575594
4064,100.53620667090325
4067,100.73954037762053
4068,105.36329543039506
4070,93.79188759764003
4072,103.76259747005707
4074,102.84978575263602
4075,96.42085493842507
4076,103.13726169671594
4077,100.37423511115094
4078,99.68079464383976
4080,99.00808325170902
4082,100.90865125999574
4085,102.37460176335833
4086,100.70229902816754
4088,102.40060450252605
4089,99.48446263034919
4092,101.69422449299788
4094,102.93247182138515
4095,101.98556140113652
4096,102.11142401467583
4097,100.69086233994494
4102,100.19697356689306
4105,100.3632792156169
4107,98.24456214041237
4111,104.6109742241473
4112,99.32740192498466
4113,98.61061801946414
4114,117.84248049613166
4115,98.06983295815763
4116,103.22602533192082
4117,100.8985007468388
4118,102.47214357161585
4119,100.65162908618123
4120,99.17778184044857
4122,109.58627563499545
4125,99.08886306905026
4126,98.73752767709772
4129,101.23439563733524
4134,100.7752693252769
4137,91.70305880280955
4141,102.98370022509744
4142,98.77674424908844
4144,101.58466261605093
4145,100.19678455751466
4146,109.33741066744096
4150,105.2436606009959
4151,103.31048379776473
4154,100.73954037762053
4156,99.53533381918237
4157,101.02072034662189
4159,101.44430997707934
4160,99.54921852342574
4161,98.08927017751824
4168,100.7102793291885
4171,103.57602636513565
4172,98.55612642602989
4173,104.04184481937301
4175,103.46092137273871
4176,99.00808325170902
4177,101.58466261605093
4178,102.05654309763446
4179,103.82904154376052
4181,101.83620815877549
4183,103.71040541012462
4184,100.44781165916504
4185,96.25461717486667
4186,102.17183858784347
4188,104.49487164847983
4190,102.10067416602618
4192,103.03229675743006
4193,93.64643886362279
4194,100.26282022110684
4195,99.87780625835302
4196,102.2441944790528
4202,103.58449927482292
4203,99.23852847400036
4208,100.35494678260756
4209,99.54765524299825
4210,101.92903807764372
4211,105.15351001751361
4212,100.10259153816048
4214,100.74324024979438
4215,99.17531502831127
4216,100.55949374066762
4217,103.32032521133362
4219,100.05858039191884
4222,99.65183929563278
4224,89.94270685005938
4231,103.23171017840059
4232,103.71040541012462
4234,100.68692825845835
4236,101.58466261605093
4237,99.74700083562357
4240,100.38621410025809
4242,98.23435031546819
4243,96.97465349342593
4247,97.92925402625463
4248,99.73966683043096
4249,98.15666310253323
4254,100.83983484613304
4263,101.4318605240735
4265,100.87653605786943
4267,94.97468757776932
4268,96.57056938881317
4271,101.42433608192437
4272,101.50703330374853
4273,99.60432377056213
4274,97.7123523383641
4276,101.81072031771868
4278,99.8863099948374
4280,101.5713593208103
4281,102.4183247135743
4283,110.34323000010318
4284,101.5929164902991
4285,100.66238100965461
4286,99.29741158933723
4287,98.55563919114866
4288,99.61231606072727
4289,98.82432945491001
4290,99.80304484914615
4293,98.231676613746
4296,97.45917996247437
4297,99.35548424036102
4299,97.53795947389943
4303,100.78732317256646
4310,99.36567507673357
4312,103.0883664798331
4318,99.74700083562357
4320,102.97561310544165
4322,100.7734507529907
4323,102.14028279789346
4325,101.73495350760993
4326,100.96538428729889
4328,100.47523449187207
4330,100.34910467300108
4332,110.50188103190987
4333,102.55041508454514
4335,101.4058809543863
4336,93.83891923864053
4338,98.59968742093974
4341,102.14613244414642
4342,97.57625819599212
4344,99.851810693353
4347,98.33995285606699
4348,98.90341293245547
4351,97.11129506730703
4352,100.40763570083084
4353,100.69110447549394
4355,99.17495672896189
4356,102.37460176335833
4359,99.42334778420366
4360,98.69284233339846
4361,97.03536404339377
4364,114.57701207042703
4365,100.82711557491479
4368,99.69152417283993
4372,103.30965295027124
4374,98.22862715072262
4376,100.01678899095396
4377,98.7458378806968
4380,100.6611544542551
4383,95.53378248921905
4384,99.8863099948374
4385,102.58145916575887
4389,101.06705040968603
4391,100.82640669218478
4392,99.49254174192617
4393,97.5908757582423
4395,98.9413658378536
4396,100.03097431498492
4398,87.66544974078664
4399,102.09731809935221
4401,99.91341377637463
4406,99.76292864918878
4408,94.1002384022238
4412,98.90341293245547
4415,95.8673404165205
4418,102.27195524549455
4419,98.22862715072262
4420,97.86153516017782
4422,101.1433160710422
4423,98.22862715072262
4425,98.93288518847987
4428,98.00672124582474
4431,94.4407014567987
4434,99.43860291951984
4436,100.43656447706121
4437,101.78142626653789
4439,101.18787283237003
4440,98.2085090593198
4441,99.95018861677755
4444,101.73427824210285
4445,100.74324024979438
4446,97.6707713412132
4447,108.9438343604416
4452,99.93832105756138
4456,99.18556114485887
4457,103.2593051982144
4458,111.01300640668615
4460,102.37460176335833
4461,100.8761948469238
4462,98.26297624129359
4465,94.18327482188892
4466,103.78504878372945
4468,102.95520665997424
4469,100.56874311973672
4472,101.06472031548873
4475,108.7756237637737
4478,101.20149658984684
4479,99.07895588522081
4480,105.07079155727797
4483,92.67778272943576
4484,100.60582110499308
4485,101.61027640662121
4486,97.20713643335847
4488,101.91508098977783
4489,98.98515298355989
4490,100.54060213396707
4491,94.2352213410399
4492,99.75628229747224
4493,101.35580410243233
4494,101.47568717769735
4495,100.67588638962928
4498,106.28080953247598
4499,97.9546376653779
4500,98.07741975727453
4503,103.24446260138916
4505,93.79698344717559
4506,115.85642856879014
4507,102.0848921006114
4508,99.74700083562357
4510,99.99714359886883
4511,98.10474461283644
4513,98.55969244543383
4516,97.61582179446975
4519,100.7303559290147
4521,96.76743665931872
4531,96.96391677315432
4532,98.45269160579721
4533,108.77818823985132
4534,99.39776114522073
4536,99.74700083562357
4537,103.2593051982144
4539,100.20210872518936
4542,99.30146090034498
4545,100.83189899169491
4549,100.84385294753298
4551,103.80990232090994
4554,103.47636154791871
4556,98.39679378397858
4559,103.2463642752221
4561,100.08443413673274
4562,104.12293663913965
4566,104.97156223682737
4569,103.8254193702196
4570,100.03097431498492
4573,99.21888125953006
4574,98.34927926847303
4575,96.41912162221831
4577,101.45165182847285
4578,99.65183929563278
4580,101.27189116633775
4582,95.61756786192007
4583,101.1433160710422
4585,93.6495488104087
4587,99.74700083562357
4595,101.39300899992418
4596,106.41760093440712
4601,100.21758238481783
4602,100.89208363505685
4603,102.42530467226288
4605,103.14327100347197
4606,101.73698903882524
4607,105.6157155092929
4608,101.68621600896358
4610,99.40456352208753
4613,93.76088547900969
4617,101.2144508724462
4618,100.22022110785679
4619,103.68178784087542
4620,103.09350172641064
4622,91.28577043452083
4625,102.37460176335833
4626,99.74700083562357
4627,100.68448676339244
4629,103.69549542334266
4631,97.00782058839201
4633,99.74700083562357
4634,100.73622237650363
4635,100.69116622596829
4639,99.68230730739015
4640,99.07592757359305
4642,101.1018306547993
4644,99.10776968429315
4646,99.74700083562357
4647,100.68084717542615
4648,96.39650825274424
4649,103.18256112053393
4650,99.51489852153014
4655,100.84385294753298
4660,101.66973337854392
4661,106.16026585320873
4662,96.29387472669936
4663,99.92720231961374
4665,98.38496004165108
4666,105.65422763370492
4667,100.77448495469537
4668,100.98258583781671
4670,101.72899857870681
4671,99.82910324323376
4672,98.67387967091997
4673,100.74451699934775
4675,99.73551549829409
4676,99.44319617430932
4677,99.68517283587767
4680,98.41262457580484
4682,99.970549196077
4683,103.79714877197028
4685,98.90341293245547
4686,95.09232397654546
4688,100.90217157959614
4690,101.44255029613936
4692,101.33641230218512
4693,99.33541321948661
4697,100.84385294753298
4700,102.12456416867548
4702,104.52753420573299
4707,101.56732541989703
4708,102.37460176335833
4710,99.08744323402078
4716,116.14211445637585
4717,101.41934566462533
4718,99.25425244041918
4720,100.68862440675122
4721,100.18159756810206
4723,99.10518064812021
4726,100.34279175956732
4727,100.29954520042799
4729,104.15007937133646
4731,98.80997327756972
4732,98.85446187301505
4735,99.91220587615157
4736,104.95939488916099
4737,102.42530467226288
4738,102.68600869244574
4739,101.34891797499955
4744,102.93206830002913
4747,102.42481500561644
4749,99.97979162355045
4750,102.37460176335833
4752,101.1433160710422
4755,100.85256141674375
4756,101.27827305468378
4757,99.16753922407395
4758,100.7145742652092
4759,100.84421453056956
4763,99.98264376200342
4764,99.03549558233158
4765,96.76693144613358
4766,102.827419648302
4767,101.19411608586643
4769,100.81618352123547
4770,94.06742018446329
4771,118.71609522429492
4772,99.74700083562357
4774,100.26282022110684
4776,105.99524230306173
4777,103.56814186541288
4778,97.0607731118991
4780,99.1135055378274
4784,98.24532758044552
4786,102.08979735151905
4787,104.96582061424789
4788,102.11418670422921
4789,101.1433160710422
4791,98.13985937910121
4792,104.72807291255452
4795,98.04584959785808
4796,101.01701523301301
4803,101.65787001309815
4805,99.91155061719616
4807,99.43676094536193
4809,100.7967920065833
4816,101.49421551234383
4817,127.2933963927178
4818,99.27140271900618
4820,100.14020600761376
4821,98.50128478044206
4823,99.9727162395385
4824,100.23648126426741
4825,97.43155571461858
4829,94.76328774025131
4830,103.58449927482292
4831,101.26796896001872
4833,99.12758068434897
4836,97.79921786572095
4837,100.90217157959614
4838,98.29974618272126
4840,97.10292467966548
4841,97.68005785193822
4842,103.23518863565283
4843,100.64782539517466
4844,101.50695010412323
4849,97.90378650129429
4851,96.31490977315491
4852,117.28991750120002
4858,101.43813846828061
4860,103.58449927482292
4863,98.46196935680462
4864,99.85629507414643
4865,99.73172233608057
4867,102.4281138895177
4868,95.28600018257868
4869,96.8119070461484
4873,97.07012299838766
4875,94.55774942828384
4876,99.76915572275698
4877,102.28968671480527
4878,101.69627352184136
4880,104.66021434265559
4886,109.46208695221225
4888,102.55377952511287
4889,98.31571622561756
4890,104.98385820109894
4893,98.14730342393233
4895,105.25149691631111
4896,100.33430192510446
4899,102.50030657650922
4901,99.31056149982089
4902,108.33917882360623
4903,101.74616504777651
4904,101.1433160710422
4910,101.29673844179837
4912,103.18537359953967
4915,100.87586516298933
4916,101.58652392269215
4917,96.70845549758138
4920,99.74700083562357
4927,100.86595516320705
4928,99.82328899948072
4931,100.53869346107388
4934,100.78511387593596
4936,98.64400464757227
4939,101.11417683015623
4942,102.52041178215063
4943,103.270929595025
4944,102.64364939371654
4945,107.6186140887122
4947,102.30996091053191
4948,99.63204272433222
4951,99.21888125953006
4952,101.1433160710422
4953,102.30829816449744
4956,101.74616504777651
4957,97.11085900358785
4958,100.53727149486815
4960,101.7597181008918
4968,101.93848212257126
4969,102.0610209252145
4971,104.62291226568766
4973,99.15058619848924
4975,105.07222759202813
4976,106.45875439200046
4978,98.52366836171626
4979,103.34925351315024
4982,99.77686406759852
4983,104.55395277213677
4984,99.32453959176985
4985,100.8761948469238
4986,101.79453869214927
4987,106.62973467726823
4988,101.73427824210285
4994,113.68757947695497
4995,104.15313963498147
5002,89.55887324103372
5004,103.05355624824136
5005,102.44995787187145
5006,101.58466261605093
5007,99.41919583091442
5009,98.20225425405363
5011,99.15058619848924
5014,98.8440736915523
5015,100.11565396369002
5018,100.32837449089709
5019,99.44869098624798
5020,98.96329592211458
5021,102.37320429640687
5022,103.1916532641647
5023,94.1595504921392
5025,103.97277814289993
5032,98.3293287868068
5034,102.41808844098438
5036,98.2107421378206
5038,99.24323619113397
5039,102.92093376056056
5046,102.76203632917719
5049,99.44869098624798
5051,102.71147109119636
5052,101.9511765046924
5053,100.26282022110684
5054,103.91570658707792
5055,100.88501268649742
5057,103.2593051982144
5059,100.78076850916779
5062,96.49675543478259
5063,103.88061685940164
5065,96.33326153404045
5069,101.06445282686002
5071,99.84136486017366
5074,102.35215016301618
5075,101.29253321010776
5076,91.79423787623676
5077,105.36329543039506
5079,96.56136104896137
5080,101.82592446190631
5081,99.78987372100636
5083,98.80649769380648
5088,97.2821728876961
5089,100.38976414358268
5093,102.2854367147529
5094,102.43953034461498
5095,102.54358572871581
5099,99.96921438867133
5101,97.21492418984178
5103,98.39843406955322
5104,101.69239477908206
5105,101.30322998353762
5107,101.09978505197131
5108,99.69909407912974
5109,102.16673837151984
5111,96.41490351808386
5112,101.58929129180837
5113,95.30717008101936
5114,102.4108214249685
5115,99.54921852342574
5118,98.43417926778505
5122,103.91570658707792
5123,95.33744637705047
5125,101.433751831866
5127,99.71808663776767
5128,106.23078226909331
5129,85.08461725819791
5132,101.58466261605093
5134,103.7940987286546
5135,99.10186524874536
5137,101.25068902097496
5142,107.01234031422683
5143,97.94654836729018
5144,102.1764508541882
5148,100.118165895851
5149,97.77123391683381
5150,100.19678455751466
5154,100.84132950095204
5155,102.29704290832069
5159,101.09787317622238
5164,102.64811904778969
5165,98.56627591573624
5166,102.63273204545277
5167,93.05423428222753
5169,102.23704888333225
5171,100.80896150897905
5172,101.60870275172272
5176,101.36630342924269
5184,100.65735719563617
5185,100.21006923814923
5186,100.89099514430666
5188,99.48010469237289
5189,99.88021008662679
5190,104.41547290547487
5191,98.56627591573624
5193,101.23439563733524
5196,106.23377594454308
5199,93.2013701126744
5200,104.61129086426678
5203,98.24557330463443
5204,97.64323437302738
5205,99.07273024386393
5207,100.26333622855537
5208,105.78873495330225
5212,102.95831810634263
5214,91.48465556257838
5218,95.35766824635027
5220,98.71244395333935
5222,100.36590322806853
5224,101.95968500814752
5225,99.74700083562357
5227,94.62064813663306
5229,100.35652018633493
5232,97.74581858202754
5233,102.0636019527779
5234,105.58826676857325
5237,100.03097431498492
5239,109.34265986902994
5240,96.97954769641444
5241,99.44869098624798
5244,98.57429251504453
5248,95.89976394419728
5251,96.57637932159639
5253,104.26010387825187
5255,105.03587763218826
5256,99.98080306880865
5257,101.65408970365218
5259,101.70063038232166
5260,102.79665490934752
5266,100.46035160827813
5268,103.89668850357197
5275,99.78987372100636
5276,97.45665893848957
5277,95.11786964065118
5279,104.98447618896512
5280,100.03018321030027
5281,98.66337081484465
5283,104.70331805498745
5284,101.02933373969137
5285,104.15313963498147
5286,99.206315021161
5287,100.07182955214051
5289,98.68129128758773
5290,101.23439563733524
5292,100.47599631260402
5293,100.98043819268668
5294,99.75130112214623
5297,101.35221035779631
5299,97.19820143124969
5302,100.55359166365594
5305,88.79846482168989
5306,105.0398234657793
5308,100.69151160907415
5309,100.65361713797734
5310,98.47410683384692
5312,102.60384142502556
5316,99.08630182279296
5317,101.20259377838852
5319,98.75730892195918
5320,103.97277814289993
5323,104.67758594502817
5329,98.97762646586563
5331,101.12780088786775
5334,100.59099821257382
5336,99.1888872323766
5338,100.34264922545577
5341,102.63719681120887
5345,99.94501870956623
5348,103.06749191702488
5349,102.02866987570502
5355,99.65198851126331
5356,100.72654481351663
5360,94.38144976325628
5362,102.18504921282135
5364,100.76949185179501
5366,101.19821866279722
5367,85.74100189085704
5368,101.49334484135875
5370,100.6058443911046
5371,101.98593391607136
5373,96.83483431478959
5375,100.03097431498492
5376,98.46830245533931
5378,100.87712769386644
5379,102.38331550450579
5383,102.84796353328568
5384,98.25718583235147
5389,101.2801545554687
5391,99.39637710266771
5393,103.74888575010596
5395,107.1701564318887
5397,101.75882768723085
5398,102.28453676653413
5399,102.69797420774938
5401,98.24602352921232
5402,104.9768047317175
5403,100.76106706385002
5404,101.10049212651097
5407,102.2441944790528
5408,96.1119411897958
5413,100.27806525479565
5414,101.44634288003613
5417,101.76865132358353
5418,100.47599631260402
5420,106.43411760841633
5421,101.31139467908417
5424,103.73553247477219
5425,97.64323437302738
5426,102.35880673957246
5429,96.27152200016718
5431,97.85800073886537
5437,102.69210277565111
5440,96.53992044114841
5444,102.60218803214366
5446,99.33569503862697
5447,100.60397486632229
5451,101.3739871200957
5452,108.5627228830088
5455,105.58826676857325
5456,103.72566462927034
5458,102.46169257049394
5459,99.57150112786655
5460,100.66020165476215
5462,101.07737367770682
5463,104.13696874743857
5464,101.59414962349882
5465,101.79724199651685
5466,98.9964441009601
5467,99.89109419165356
5468,104.28089675983387
5469,99.92720231961374
5472,103.22035374719144
5474,89.50654677777413
5475,95.97572539848932
5476,104.27930646859494
5479,100.46158590963245
5480,99.25925909762583
5482,102.33279382660783
5485,99.30200187984042
5486,100.42884449410639
5488,103.45299068948685
5495,100.35652018633493
5496,102.09660702395132
5497,100.7121411241921
5499,101.10479025616206
5503,98.03911186611174
5504,102.5941881618669
5507,104.04184481937301
5509,101.82276740480097
5511,101.16846009201441
5512,108.0376667537368
5516,100.13956758745127
5517,99.87924015832414
5518,100.97125866911466
5521,104.21698779413771
5522,99.56604338113152
5527,98.68239919489758
5528,113.45050808075007
5529,100.72121796240259
5532,103.91663295910303
5533,102.84124081228077
5535,104.9080548716297
5536,106.10437762399079
5540,99.40931119708603
5547,99.96934565464153
5548,98.14813177533165
5550,99.52037888463985
5551,99.16895053632953
5554,104.81931285742229
5555,100.24233126126057
5559,97.57458548689658
5560,98.62054914401529
5561,101.25671372139135
5562,97.48108961538537
5563,101.86229054398189
5565,101.72978570205709
5566,98.50286455501879
5567,100.4870567417882
5568,106.13725112549417
5572,101.23722241744844
5574,97.35992039780524
5576,101.12863320509734
5579,99.01782445166907
5580,100.41401315378829
5581,98.78878795377943
5583,102.45430283893825
5584,102.88420740389262
5586,104.81777396239625
5587,99.62564013205366
5589,100.81275179333426
5591,94.49521048957001
5592,99.43977061628573
5593,97.53889095015882
5594,100.50648966543406
5595,104.27805622692352
5596,100.90217157959614
5597,103.81658960472879
5598,102.76721355000359
5599,107.6186140887122
5602,102.3667484121504
5603,100.50648966543406
5605,100.62566997344459
5607,102.93247182138515
5608,98.3754492231916
5609,101.21757183835291
5610,98.06983295815763
5612,106.74986232674848
5613,99.88021008662679
5614,100.51158780568932
5616,100.4362914165182
5621,97.72902820417596
5623,103.49650770543485
5628,106.74047468359146
5629,102.14612705057266
5631,95.40465809738026
5633,99.29598661797888
5638,99.02799080718029
5639,103.55275355418604
5640,103.74005093129426
5645,99.48449987807305
5646,99.13606940640557
5649,97.48907921573834
5653,101.72235563400938
5655,99.55035035782129
5656,102.52620872181387
5658,103.506162074982
5662,99.80701192328888
5663,99.76995443431048
5667,97.44508237485621
5670,107.6186140887122
5671,100.99997122335185
5672,102.55535211872905
5673,101.62167651344527
5674,101.81072031771868
5675,95.6643539309519
5676,100.70291832789172
5679,100.37132278105838
5683,101.28839214371425
5687,101.35172232877233
5688,101.69422449299788
5690,96.373245583239
5691,100.31218842943485
5692,103.76900890358962
5693,101.69633998314816
5694,99.84763833094968
5697,101.09701689578617
5698,96.72304123311051
5699,101.01056983017213
5704,101.63556437958408
5707,100.37132278105838
5709,100.50944326954959
5710,97.52904446248374
5714,103.61151941888329
5718,101.42492862347376
5721,98.45451512446266
5723,100.01724720232176
5724,96.33326153404045
5725,102.37460176335833
5726,96.77438928738684
5729,103.39716796046457
5730,102.37759326142344
5731,101.87442850973031
5733,100.47990600846884
5736,101.51208400217968
5741,99.34216977803447
5745,99.55111565119057
5747,97.78661710171474
5748,100.25713967042464
5750,103.54979183049505
5751,98.80727373219327
5752,101.83900133277234
5754,100.05342809696026
5755,100.51261649840285
5757,98.56338442057671
5758,102.61594765654792
5760,105.20867436365734
5762,99.28413865543212
5766,103.00569795756735
5768,103.270929595025
5769,103.95937636131384
5770,101.54645712162983
5771,101.84903366578214
5772,102.5504488771237
5773,99.67310652108938
5774,100.13057949278993
5776,98.88656583322887
5777,101.01056983017213
5778,101.2588133033297
5780,102.92093376056056
5782,101.2418553286476
5783,104.59193046408001
5784,103.58449927482292
5786,100.89739281421583
5788,102.87127408700826
5789,100.69110447549394
5790,109.01172826505626
5791,100.35652018633493
5793,101.2236672920618
5794,100.83840469753852
5796,101.18787283237003
5797,103.27559950211645
5801,99.62123293466112
5803,101.35172232877233
5804,105.23932477195115
5805,107.39394181627102
5806,100.53581223396924
5808,98.04584959785808
5813,101.51256198317833
5815,97.16522925122837
5816,84.78254868253237
5822,98.50787571499961
5823,99.89844264554114
5825,99.27520086971549
5827,99.13173102107669
5829,96.81336343428455
5830,103.52493243885488
5831,103.09806941045878
5832,99.90995734250424
5833,98.04584959785808
5837,105.86265314734476
5838,100.77691980296964
5839,99.0604032498257
5842,103.74005093129426
5844,101.73976717659338
5845,99.64712386445677
5846,106.465359147796
5848,98.18727736107343
5850,99.02403980388635
5851,94.05771626680115
5853,103.270929595025
5854,103.92437076991848
5858,103.74005093129426
5860,103.44236839099005
5864,99.2370882714601
5866,100.54063126146099
5867,100.37132278105838
5868,100.70330381057755
5869,99.09049414598024
5870,102.13014570776147
5871,99.65101334957433
5874,98.56627591573624
5876,102.71136328027086
5877,99.04172582384246
5878,97.88448916227662
5879,99.44869098624798
5880,100.46247645136896
5884,97.87847767378832
5886,97.64323437302738
5890,99.02287639013736
5896,102.94065592981696
5897,103.46775079268923
5898,103.270929595025
5901,101.30763423953931
5903,100.26282022110684
5906,98.06983295815763
5908,99.25925909762583
5909,100.59937951130638
5910,99.88021008662679
5911,102.02424687303403
5912,100.76949185179501
5914,98.56627591573624
5919,99.15058619848924
5924,100.29945207272408
5926,100.37468392588113
5929,100.99348570185197
5930,96.65254036418838
5932,99.91155061719616
5933,99.73115122767337
5934,100.8315060540753
5935,94.6859698867832
5936,102.57481554731544
5937,97.69370881239308
5938,98.07252277475112
5939,100.42792854443894
5942,97.98119196209058
5943,100.3369338720438
5944,102.30952182929121
5946,101.25173839045908
5951,104.92755535795993
5953,99.56295838480327
5954,101.56839851310497
5957,101.6148011341121
5961,101.81520774327407
5962,99.0393722901693
5964,107.82624600702576
5965,99.77221312113045
5968,98.56627591573624
5969,102.82971965693713
5974,97.22363250666263
5975,101.05568429037896
5978,97.68005785193822
5981,100.97125866911466
5982,102.99112411873011
5983,100.12803739230787
5989,98.73909687670567
5991,99.40253513245727
5992,99.74205597676644
5995,99.72296931592274
5996,101.77540700048769
5997,100.41050205851548
5998,101.33530079296833
5999,104.18347106502188
6001,98.01789651288783
6002,102.84510130948968
6003,99.15943241101024
6004,101.56839851310497
6006,100.45671154975207
6007,101.71037174842502
6011,98.22473183426172
6012,97.90721077877777
6014,102.02424687303403
6015,98.77978823136482
6016,99.31839723503805
6017,101.32053865456902
6018,103.270929595025
6024,100.70291832789172
6025,100.80569382380236
6026,94.5523185265082
6028,93.76230962382556
6029,102.51835525096698
6030,93.6270223862279
6036,98.56627591573624
6040,107.39394181627102
6041,100.34279175956732
6042,100.6740690648025
6044,100.701032715942
6045,100.35652018633493
6047,99.46109667287544
6048,99.35096375424348
6049,106.2054204887828
6051,101.75457075314773
6052,92.08582959449984
6053,97.82952570048423
6054,101.72075023495483
6058,99.20801842777388
6059,102.03155770773134
6062,103.97277814289993
6063,101.51257513737346
6064,101.12780625469725
6065,107.39394181627102
6067,101.42748194760168
6068,99.35432515719481
6070,100.48086690110301
6071,113.94491465190771
6072,97.64323437302738
6080,97.64323437302738
6081,110.0502207430518
6084,99.68389002405536
6087,100.27529534838362
6089,108.00656037947624
6092,97.64323437302738
6094,101.41132045417089
6095,100.90217157959614
6097,97.68897248132726
6100,97.51353851313684
6104,103.15112310414764
6105,98.93238459707538
6106,100.29836695706882
6107,99.64740637970158
6108,102.33479616106035
6109,97.64323437302738
6110,98.85611256115766
6114,97.64323437302738
6116,103.73307059842955
6117,101.11168846869282
6118,102.85751588955475
6123,100.84531064571206
6125,100.26282022110684
6128,92.49297830151625
6130,98.38408652856998
6132,98.79884875114135
6137,98.89018948049659
6139,99.16025822862298
6140,101.10049212651097
6141,97.7917521402257
6142,99.31909762382622
6144,99.42288537418483
6145,100.93053162872081
6146,101.39607404703486
6149,98.1241160196779
6156,95.49721869752119
6159,93.39028514450541
6160,101.10049212651097
6162,99.37315033099856
6164,97.32092766123708
6165,99.81565990972365
6168,100.28132676023768
6169,98.04584959785808
6170,105.82823571563404
6171,102.91762910283808
6172,100.57720976422769
6173,97.79495710175433
6176,103.39716796046457
6177,96.5069462194133
6178,97.88325474504677
6180,99.91891387031069
6181,100.03018321030027
6182,100.14802565604481
6185,98.53473195167726
6186,103.50375810363164
6188,98.4638437237985
6189,98.99143628321036
6192,99.68389002405536
6193,101.92156032340739
6194,100.35652018633493
6195,103.27554625667705
6196,94.80733799807479
6197,100.51527401258909
6201,98.68470474762529
6202,99.54249010938372
6203,101.13870642381607
6204,98.24294162179166
6207,100.17644822878827
6209,98.23646608418392
6210,100.94618455585794
6211,95.55553386305382
6213,99.97240829860374
6216,101.42667289415539
6217,102.745876716179
6219,106.74986232674848
6222,103.38689197698011
6223,100.09363713046338
6235,104.04184481937301
6240,101.82575383422636
6242,97.42501632235502
6247,101.81072031771868
6251,95.98888389537035
6254,95.85717410312748
6255,97.93314459928263
6260,93.20161372859815
6261,102.14715133897204
6262,100.86243174476294
6264,99.83185852247891
6269,102.64691895998163
6271,99.6659261620585
6275,100.51983947744719
6276,98.35491055949541
6278,102.90311566715098
6279,99.55111565119057
6281,105.19836538219619
6284,100.7192068263634
6286,99.12486794715
6287,93.88301805462004
6288,100.22433970275188
6292,100.02313526823303
6293,100.11800893838534
6295,97.50659871224462
6298,100.87712769386644
6300,101.55641204361967
6304,100.13523900459688
6308,101.44430997707934
6310,102.63187965094983
6312,97.64323437302738
6320,101.87442850973031
6324,99.74222575463989
6325,99.61123072307123
6330,101.63275088614034
6336,100.5794406919253
6340,102.52278074716253
6341,104.04184481937301
6342,101.45925782879715
6344,94.95145955750195
6345,105.29026926587528
6347,98.14813177533165
6348,98.86474883352759
6349,100.87712769386644
6351,104.96582061424789
6353,105.58557887819734
6354,99.83203044611014
6357,107.54983928455846
6358,98.18774298529314
6360,102.2361971059405
6363,106.74047468359146
6364,98.10474461283644
6368,99.03135701617191
6370,97.52139370544512
6371,99.65854100955482
6377,100.95531881774605
6379,100.3305394637722
6381,95.766436140596
6382,100.84132950095204
6383,98.14813177533165
6388,98.5740155307887
6390,98.88584400186562
6392,96.81336343428455
6393,104.23671463824218
6395,101.81733576628574
6398,99.44895800558567
6401,100.53581223396924
6402,99.2782771528033
6403,100.14913948925067
6405,98.9033892043281
6406,99.22517598930324
6407,101.01056983017213
6409,99.56604338113152
6411,103.83396816813467
6413,103.8389402002415
6416,101.98299032047896
6417,101.7904852106675
6418,101.4088888809552
6419,99.79395339970631
6420,100.4816999931324
6426,102.05956483860706
6429,94.4846635748147
6430,103.01564495406171
6431,100.14913948925067
6432,98.23646608418392
6434,103.96388686513058
6437,99.55035035782129
6438,102.88768649410935
6439,101.65176309638906
6440,98.82693500380685
6441,98.07997057619792
6442,97.64323437302738
6443,96.12934148391724
6445,97.78661710171474
6448,99.25925909762583
6450,101.75571017305242
6453,98.54846867476414
6455,97.73767952562508
6457,98.06983295815763
6458,99.24736086224897
6461,99.60885116049877
6464,98.96691241603281
6467,99.28927232802124
6469,99.26016489490854
6470,94.08769483354769
6471,101.10049212651097
6473,100.48720808653741
6474,100.62405341059116
6479,101.04544007686883
6481,98.22727274707574
6484,105.87843516553693
6495,103.72852071552444
6496,96.56494841207336
6505,100.57380760308291
6506,101.39995197513872
6508,103.39716796046457
6509,101.58699699307635
6510,100.46158590963245
6512,101.85112700398383
6513,101.63556437958408
6514,100.28429905763971
6515,96.84094326784071
6519,104.57672088311352
6521,103.43844136948286
6523,99.52037888463985
6525,103.74005093129426
6526,102.29510235846323
6528,100.72260389262374
6529,99.3344550464625
6531,89.78565401411652
6533,100.19678455751466
6534,103.02909157591813
6535,101.25173839045908
6536,102.55375681948982
6537,102.84033470834066
6540,97.2114859878373
6541,98.14813177533165
6547,103.41798857519655
6548,98.2984819378442
6551,99.8630375598014
6553,98.23880716318195
6555,99.68389002405536
6556,104.04184481937301
6561,99.62756842198428
6564,100.98425163474286
6565,101.25173839045908
6568,97.39172951965759
6569,97.64323437302738
6573,98.80118316235968
6574,99.27430101044519
6577,97.25418595042083
6579,106.74047468359146
6581,102.18518072779426
6582,99.76915572275698
6585,93.6298222800524
6586,101.68990928044093
6589,96.54465783010926
6590,99.82539829885457
6593,96.67189878691386
6594,102.03694614624942
6595,100.73411495844738
6599,98.05332720449974
6600,99.24444507614879
6601,98.82293978100222
6602,98.10474461283644
6603,99.25925909762583
6604,105.82823571563404
6607,96.18938655311956
6608,98.72762636938415
6609,97.14504186583332
6611,101.71319911077092
6613,97.64323437302738
6614,100.30219161613087
6616,98.95903271728804
6617,97.64323437302738
6618,101.56839851310497
6619,100.13675218317138
6621,99.68389002405536
6627,105.89871122551705
6629,100.53022632993361
6631,95.20646762276942
6634,101.72682646698217
6636,100.99007002308838
6638,97.39172951965759
6639,97.64323437302738
6641,99.89844264554114
6642,98.17574654299511
6651,97.32209908200656
6654,113.08025522082175
6657,103.77787947624353
6663,101.96315021959424
6665,104.56653160080555
6666,100.3552531408439
6668,101.51256198317833
6669,99.35171153679676
6670,101.10663190310083
6671,100.65390753620602
6673,100.12649820295917
6675,101.15244719466773
6676,104.96582061424789
6677,99.53345118699173
6679,99.65448171808396
6680,104.89389733184902
6681,100.46158590963245
6685,100.35652018633493
6688,98.74551138731618
6689,99.30512954436614
6690,98.19671272231164
6692,97.64323437302738
6693,94.99430123531994
6694,100.26333622855537
6698,99.867794344517
6699,107.01234031422683
6700,102.60185866895154
6701,98.06983295815763
6702,100.17068364488938
6704,99.30512954436614
6707,99.7100124588332
6712,99.15058619848924
6713,97.60180434536642
6715,100.48248979602175
6721,100.70196586103668
6722,106.74986232674848
6723,102.35485296380324
6724,97.63821848035849
6725,100.48303813767035
6731,102.58991253468764
6735,93.61351856760388
6736,99.60134681958306
6737,98.52488650630607
6738,99.95814911944166
6739,100.95852097808921
6741,96.74491361208936
6743,98.35031991510061
6745,101.51256198317833
6747,97.89885258672439
6749,99.40461433875112
6750,102.95625717952083
6751,102.85694716227772
6752,102.36513352350556
6753,97.64323437302738
6755,101.52689042292286
6756,103.93041683559272
6757,102.50183522643783
6759,101.22488699660681
6761,95.53683501255347
6763,101.10049212651097
6764,103.95937636131384
6765,99.52047045611152
6766,103.51191239754439
6768,100.45671154975207
6771,99.30512954436614
6773,101.65581129045535
6774,100.27046296651332
6778,101.00552194370499
6779,105.8894684561634
6781,98.67538642651908
6784,101.81906156173221
6786,95.84418394056172
6787,104.91479142799153
6790,94.26669419802022
6793,99.42811798251444
6795,97.64323437302738
6798,103.14688527482275
6806,101.60718030576987
6807,101.48807236903855
6810,102.22034613758996
6815,101.32209371588363
6816,101.92587247025125
6817,97.38382212392531
6818,108.13157902711043
6819,99.46109667287544
6820,102.15776220828656
6822,101.80644438022671
6823,101.75457075314773
6824,98.04584959785808
6825,99.0692014810337
6828,100.57902537271366
6829,91.71131818468302
6831,102.37497767135102
6832,99.57549892211443
6833,101.7963143934096
6834,101.10049212651097
6836,101.07802853957338
6837,99.15058619848924
6838,101.9997929782831
6840,101.5324307713762
6843,95.60902052355561
6845,98.37298867226127
6846,100.98077366766631
6847,102.63566658093333
6851,98.44887075139712
6852,99.87684375330281
6853,98.28297236345782
6858,99.84556833022418
6861,99.1888872323766
6863,98.82293978100222
6864,102.2441944790528
6865,102.29696063351196
6866,100.03097431498492
6867,99.77529547998148
6868,102.78912491840015
6869,103.45388819250206
6870,98.04584959785808
6874,102.47535057429906
6875,100.2956520017654
6877,101.15090900278233
6878,101.80587582433287
6880,99.53525993812372
6883,104.51286853285438
6884,104.13124516232762
6886,100.8887114692622
6890,100.04214194775642
6893,100.99668760643578
6894,98.8038904558768
6899,101.15090900278233
6900,101.78374590572105
6904,99.86237263717857
6905,98.80356478583741
6906,98.7339305574086
6910,101.98695761588345
6912,95.33574887542085
6913,92.4003569773705
6920,103.75532573292094
6922,97.9980281299687
6923,97.64323437302738
6926,98.03205809387714
6927,101.5672085298504
6928,100.16274367437217
6931,97.2817623730727
6933,103.52850173449201
6936,95.39469175368902
6937,99.78987372100636
6939,94.25891442471448
6941,97.89502913592781
6942,100.33142654160963
6943,101.28493486711727
6944,102.29624845895034
6945,101.74725693094769
6946,93.90548308160874
6947,100.89125938434125
6949,98.90341293245547
6951,94.67565197219432
6953,107.96878138138965
6954,97.87859375829788
6955,99.58840686748994
6963,101.18560117513323
6964,99.78941774022815
6966,101.4334207549582
6968,98.74684674599587
6970,100.03018321030027
6972,99.87762462882137
6976,101.65817418765283
6978,100.03097431498492
6981,100.42167094161044
6985,101.54595263975688
6986,100.81400574056931
6987,94.6422846930331
6989,95.81853757891884
6991,101.75457075314773
6993,95.88732487462983
6994,112.80420636830547
6995,99.94082614473155
6996,98.21482943302362
6997,98.56627591573624
6998,107.2236462773505
7001,100.69281339786284
7003,105.26631805621321
7006,97.65100384495821
7008,102.11179796219812
7010,97.52265080497767
7011,93.21623986514459
7012,96.33687815781843
7013,97.80969374590848
7014,100.15990039462781
7017,96.07222770831157
7018,101.17869948647302
7019,99.49881651531496
7023,101.55984867586653
7024,98.00305767150127
7025,102.22875420647642
7026,100.23344587495382
7027,97.8609360968938
7028,99.33858415336942
7030,97.64323437302738
7031,99.64455047815392
7033,97.08172228437064
7036,103.34880867592449
7037,100.76669177943944
7039,104.57274261308675
7044,95.74134476563273
7045,99.15058619848924
7046,105.91678130820583
7049,99.3462106654955
7050,103.58158156545886
7051,100.03018321030027
7054,108.35720881411231
7055,97.80745705097598
7057,95.84652027087486
7060,101.15090900278233
7061,103.270929595025
7063,99.4904372993339
7064,97.0752844905536
7067,99.53525993812372
7071,101.19804865456928
7074,97.64516720195411
7075,103.09894015035542
7078,99.15058619848924
7079,99.30512954436614
7080,96.60023202835458
7081,103.70934973357708
7082,100.26282022110684
7083,101.3621191721453
7085,92.32679102239888
7092,100.34264922545577
7094,103.52916614029368
7100,96.93579478667425
7101,98.30681497257262
7102,100.03097431498492
7104,102.8740656424763
7105,103.270929595025
7106,97.87409022161046
7107,100.3829848724659
7108,101.21052275624305
7109,98.5317834081751
7110,99.78987372100636
7112,96.74180393127108
7113,100.46158590963245
7114,104.73775887624447
7116,101.1433160710422
7117,104.09888247549355
7118,99.72672687957169
7120,100.63772595304164
7121,99.48477979614461
7123,100.44614568000117
7124,103.65945594780158
7127,95.86139023946481
7131,100.0187224900896
7132,108.13157902711043
7133,96.70955453079506
7134,101.41950809318058
7135,96.08956268308509
7136,102.07846406304674
7137,98.77033019438
7141,103.80099176690993
7144,99.56604338113152
7147,101.40660431783846
7148,100.01221707528111
7150,97.65858171919535
7151,100.63772595304164
7152,97.15031280936495
7154,99.01986349138127
7156,97.4779932111058
7157,99.20891599016886
7159,101.51257513737346
7161,98.36598658960014
7163,103.4818302551115
7164,98.09518603924653
7167,104.27226526083831
7169,98.49935469817484
7170,100.50095933531708
7173,100.8481155685808
7174,100.21001065015503
7177,104.51031093497068
7178,102.57123987409813
7179,100.73954037762053
7180,108.82933340317788
7181,99.44869098624798
7182,100.58947050240585
7184,101.63556437958408
7185,98.66856476870032
7186,96.84435631143253
7187,94.33263608271216
7188,97.92925402625463
7189,103.42591099487714
7191,99.68779339614997
7193,99.32966546605616
7197,103.50534520999003
7199,104.76977629389887
7200,100.26282022110684
7201,96.08956268308509
7204,101.44396893502415
7207,103.70041065974993
7209,98.82293978100222
7210,103.55121087908367
7211,99.93482545486029
7213,99.1608717885947
7214,98.56627591573624
7216,99.44820810003102
7217,98.70014605328396
7220,100.04887574642191
7224,97.64323437302738
7225,96.59433744345398
7226,99.44820810003102
7227,103.76484933841198
7234,98.66856476870032
7236,88.71333480453518
7239,103.30797419385482
7240,98.26368985228515
7242,105.75183097051973
7244,102.70122168082986
7245,101.70924652751125
7247,102.55931957982006
7248,96.64198482523904
7249,100.8761948469238
7250,101.06393341814288
7251,98.16719892702906
7252,107.25746869405128
7253,102.2441944790528
7256,99.58178691441543
7260,101.10049212651097
7261,102.46766058946463
7264,87.24921307180477
7269,94.86488838821879
7270,97.33892526764379
7273,101.25875168964626
7279,97.12139987620725
7281,99.55111565119057
7284,99.01234278961363
7285,100.50433658432115
7286,101.18787283237003
7287,98.50155777708619
7289,101.63556437958408
7292,100.16946972175964
7293,99.25925909762583
7296,103.65063566285181
7297,97.37817007463718
7298,96.70010772921842
7299,96.68632914815095
7301,102.34456606479978
7304,97.3676937326747
7306,103.59634021493537
7308,101.63556437958408
7309,98.06079233515919
7312,100.74806652879539
7313,102.2441944790528
7314,100.23963911365149
7316,100.65562061774716
7319,98.42234568685814
7321,95.8819804224052
7323,104.19372758127145
7324,99.4800569388317
7325,100.6702032401555
7328,103.47312181522841
7330,104.54592962539311
7334,100.80448895351759
7337,98.66856476870032
7338,103.7571685258165
7339,102.52809590613123
7341,100.92630255324838
7342,99.55035035782129
7344,107.43610706547912
7345,103.15309632869071
7347,99.32966546605616
7349,99.55111565119057
7350,99.74452867006391
7353,101.06783235552189
7355,100.27690204881594
7356,90.37038145885185
7357,100.39278059756725
7358,97.48299812211224
7360,98.58806869407158
7363,101.94056109013678
7364,100.70291832789172
7366,100.33100416483018
7368,97.39753358078053
7369,101.96496143820934
7370,96.34467814581274
7373,99.8266144902135
7374,101.31590253420529
7375,102.58176833026687
7377,103.5839972457457
7379,100.01751982935156
7380,102.07610753664608
7382,97.69964759681773
7383,97.77261312524155
7385,102.64196771505908
7386,100.4509967809505
7391,114.86726717408999
7394,101.56114527875513
7396,101.06393341814288
7397,94.61172829842388
7399,102.14473177091327
7400,101.20640451626264
7403,103.4036804886776
7405,104.4128786233868
7408,100.71867172501084
7414,98.51059199061399
7416,100.9510296896413
7417,100.52882443531115
7419,100.03422123444784
7420,92.84138605184665
7421,105.13777198023223
7422,101.58466261605093
7423,102.80990241063671
7425,100.47175941837412
7430,102.0658927441392
7432,97.78661710171474
7433,104.0612281346315
7434,95.31944065862638
7436,104.34459181861581
7437,100.84159763841149
7438,100.96970562115342
7440,102.11525024754798
7441,99.97567338320277
7442,97.15037083390058
7445,101.32715288075315
7446,104.29674635000964
7448,103.23250461471366
7450,105.46510249658945
7451,102.14715133897204
7454,105.30422405181497
7455,87.28995830778734
7457,101.46830455380552
7459,103.9850484382518
7462,100.02595945598569
7464,102.14715133897204
7465,105.4085258230441
7466,100.31012607024678
7467,91.99066381893476
7469,99.99753753328281
7472,112.80420636830547
7473,97.64323437302738
7479,100.80448895351759
7480,99.00808325170902
7484,98.97630050051754
7491,99.40253513245727
7494,96.59786705047719
7495,103.15669671491077
7501,102.09981756909781
7503,102.33455435148574
7504,100.46158590963245
7505,105.82823571563404
7508,100.3682634496626
7509,100.84385294753298
7510,102.2441944790528
7511,96.33326153404045
7515,104.52705889949664
7516,102.66001436753828
7517,106.1814525324508
7518,98.91200340719888
7519,99.9756946362117
7521,100.22652402284598
7522,99.11972198391368
7524,102.22348413166736
7526,99.19274058340562
7527,101.06845509236297
7528,98.02738065640739
7529,102.08006972295038
7534,102.48426045550826
7537,100.61624501566996
7538,99.16418001172002
7540,97.52950751717071
7541,101.08858651877506
7545,98.14813177533165
7551,91.76316048280563
7553,98.33344271410238
7554,103.2216876148405
7555,103.69614178962024
7561,97.71458693164391
7562,97.93158783063893
7564,103.81432066559466
7565,101.95996301656743
7566,97.63150694030946
7567,105.81722804424624
7569,100.59015687441462
7570,102.97374141294529
7571,97.32209908200656
7572,101.37298161285844
7574,103.04845740776813
7578,102.88172642714846
7579,100.74269256518454
7586,99.00973326434399
7587,103.73442979824046
7590,102.44262305444545
7593,97.64323437302738
7594,103.39476513328327
7595,97.63150694030946
7600,101.46731491973026
7601,100.70752925384187
7602,98.38402006148294
7603,103.41310456914624
7604,100.53860921493543
7606,100.03664196651101
7608,91.24412306945561
7613,103.82629363012046
7615,100.06428297368205
7616,106.60756933521674
7617,101.20440533712235
7618,101.06845509236297
7619,100.03018321030027
7622,111.0015301472742
7623,100.61932452975185
7624,96.58071444411411
7625,103.00360586560635
7626,99.21742283105772
7627,101.73438009883449
7628,98.39198284216047
7631,97.13220365343506
7632,100.35652018633493
7633,97.91271994906913
7634,111.56022061916167
7635,99.20208539575458
7636,98.56627591573624
7637,98.56627591573624
7639,102.0519101581562
7640,105.30782849719355
7644,100.26282022110684
7645,97.22363250666263
7648,97.3005155233667
7649,102.40961745327041
7650,98.04584959785808
7652,105.4085258230441
7653,93.90302123372419
7655,98.18679696407509
7659,99.73108417725132
7662,100.32282228806758
7664,97.5034585572082
7666,101.03935412648258
7668,103.12107745216105
7669,95.57867466945652
7670,105.74159423646506
7672,97.72344375060521
7673,104.26863038617887
7678,95.65724598800676
7679,100.67889701227114
7680,100.19678455751466
7683,91.71965045175739
7685,101.18787283237003
7688,101.17869948647302
7690,106.98820323563172
7692,99.05626410798669
7693,98.87952258893603
7695,98.66856476870032
7696,103.38318492110494
7698,98.12671628145057
7699,97.06136792061858
7702,94.60150024777835
7703,99.44820810003102
7704,101.15181175531347
7707,96.33326153404045
7713,99.10001742624297
7715,97.27242307166193
7717,97.51536363819821
7718,106.5966514495347
7719,102.69012070353261
7721,99.63823388326813
7722,101.24574089865825
7725,92.76963758833654
7727,100.82472034864622
7730,89.45410278500123
7733,94.91867954955711
7735,103.59070132504155
7740,99.44820810003102
7741,97.5193179255761
7742,99.02523672062233
7744,105.83283717932233
7747,103.74915186666033
7750,98.94070001118217
7752,96.65844234988225
7754,103.53460390040783
7756,111.83866250591694
7757,104.22363461700485
7758,96.62306889737971
7760,100.19678455751466
7761,101.47303965776968
7763,109.43920128189211
7765,100.99701561922501
7767,98.56627591573624
7768,104.8029546185341
7771,100.94871950047616
7773,97.08821358642729
7774,109.67803556591304
7776,99.4600994384985
7779,103.1181076996337
7783,100.36565831833127
7786,93.67487674060919
7787,104.62561194155114
7789,100.53286878276185
7791,101.19680933945722
7793,103.94801372464275
7794,100.57384417866086
7795,99.61054935365837
7799,102.55102553828777
7800,106.30916280683522
7802,95.21083448348321
7805,125.09116893993303
7807,101.7529605982453
7808,100.45136760436662
7811,98.90341293245547
7817,106.60756933521674
7818,100.35652018633493
7819,102.02424687303403
7822,101.40132758889695
7823,103.44596707746103
7825,101.43219204246248
7828,104.00869663524276
7832,101.10049212651097
7833,99.32349861772053
7834,100.7986993335794
7835,99.64793659969808
7837,100.93150611768044
7840,95.48857390211538
7842,99.80356298214122
7843,104.6320799358545
7844,101.13884648722069
7846,101.47303965776968
7850,97.88441300692648
7853,99.89844264554114
7855,96.22807159295462
7858,100.08639125975492
7863,97.97906659699277
7865,99.15058619848924
7866,99.89528754369883
7868,98.55396601334945
7869,98.30046870281728
7871,104.27226526083831
7872,96.6695281478577
7874,102.73354018685279
7877,106.81897053302475
7878,97.22363250666263
7879,101.10768319653278
7881,102.21547189757439
7883,99.47321533247629
7885,105.25714299274148
7886,98.33344271410238
7889,102.77631606834098
7890,100.97013757132902
7891,102.01393219939786
7893,99.12486794715
7894,96.76170749594559
7896,98.04584959785808
7898,104.02952750212825
7901,104.06184156291027
7902,99.32966546605616
7904,99.56208865863715
7905,97.03536404339377
7906,101.13048219373883
7909,101.51256198317833
7910,102.76726332970651
7913,101.49097550987608
7918,94.90628599775056
7919,96.08956268308509
7923,95.70585732569054
7925,101.25054775543651
7927,96.8258863374723
7930,99.36362665718627
7932,100.15947999775182
7933,101.92861702520202
7935,95.43196964041306
7939,99.76295300199013
7942,99.59302738258282
7943,102.28063015774768
7945,103.3562495282826
7946,97.39753358078053
7948,102.45658259266605
7949,97.64323437302738
7950,97.51077966020932
7951,98.56627591573624
7955,99.17327097048616
7959,100.70291832789172
7960,99.44820810003102
7961,104.60962293282245
7962,98.27738649980967
7964,105.33960337270537
7965,103.45743802789366
7966,100.26282022110684
7967,96.52882798087461
7968,102.1522738431891
7971,101.06902771324849
7974,96.08956268308509
7976,98.87803918079032
7978,96.97790583479218
7982,99.44820810003102
7983,101.56839851310497
7984,99.46109667287544
7986,101.76224315263062
7989,97.64323437302738
7991,99.32966546605616
7992,105.0341351007171
7993,100.53666693664121
7994,100.03097431498492
7995,101.10049212651097
7997,97.22954564392023
7998,99.46109667287544
7999,106.60756933521674
8002,98.89666374911928
8007,96.38121824776078
8009,100.66032121015729
8011,101.37857072904478
8013,101.264365110575
8015,91.18277801043189
8017,95.60437771806522
8019,101.18787283237003
8023,99.84344365800439
8024,99.55035035782129
8026,99.8630375598014
8027,101.59871955213953
8029,103.4818302551115
8030,102.20966864856291
8031,99.43548929289437
8033,108.77804044824097
8035,104.14653586481268
8036,109.96718296335041
8039,101.75134438096336
8042,97.65083781717175
8044,103.13520068149
8046,103.20990680505452
8048,102.22097571997944
8049,97.03536404339377
8050,97.70433660616897
8053,96.31669635814495
8054,96.09948505129944
8059,98.62081697403664
8061,103.28796431594941
8062,99.89480468431452
8064,101.71881702543948
8066,99.99374058279204
8067,112.83399552347004
8068,100.45287472642752
8070,98.05522114734651
8071,100.37132278105838
8072,99.96498956200332
8076,99.59108152827412
8080,101.2146445046883
8081,92.935318666522
8084,105.49793010952038
8087,99.947256748413
8089,104.55213381941968
8090,102.0636019527779
8091,99.851810693353
8094,98.2916410878812
8100,100.24093462570954
8101,101.45676256694202
8110,101.98111793984032
8111,99.32966546605616
8112,103.21294003110006
8115,96.22737152071556
8116,88.64148344661345
8118,101.71881702543948
8121,99.79395339970631
8125,99.03507336472774
8127,100.27345990185853
8128,95.64388764674146
8129,99.71055846763267
8131,95.2845446215888
8138,100.4963963923006
8139,98.9311535730119
8140,99.26665000935282
8141,97.08821358642729
8142,98.1757236302912
8143,96.0254797679491
8145,99.8630375598014
8146,101.9651149784483
8148,98.82293978100222
8153,96.10253647044908
8154,90.9303257793083
8155,111.8938739623959
8161,100.94565152208077
8162,99.17955708073805
8163,100.84385294753298
8166,102.02974935145551
8168,100.61730217738778
8170,105.18998719672169
8172,99.32966546605616
8173,96.08956268308509
8176,97.70100788655452
8179,101.97619713118007
8181,97.14504186583332
8182,99.78483904400241
8184,100.45114641880241
8190,100.19678455751466
8191,98.84414100036855
8194,99.48338558594997
8196,87.8758639749899
8198,98.37547032157954
8199,100.13956758745127
8201,99.9788575603825
8202,101.56518582391027
8207,103.45743802789366
8208,99.71055846763267
8211,94.00179518222342
8214,101.79256550601389
8217,101.1325622915337
8218,101.79584681570009
8222,108.45440320797928
8229,100.58717711780236
8231,99.8839157300244
8233,103.40451437879369
8236,102.27599531078067
8238,98.66856476870032
8240,100.68652416208164
8243,105.78766139251309
8246,93.46650360531908
8250,95.67285710165208
8254,101.24574089865825
8256,105.81870325208814
8257,107.28434263850312
8258,98.53244296807901
8260,101.17869948647302
8261,102.72864156337397
8263,105.26002171372755
8264,100.6198005803588
8267,103.05972027434603
8268,98.50155777708619
8271,95.25865252569707
8272,99.71055846763267
8275,100.3469230925445
8276,100.74042982477084
8277,100.57681849238543
8278,101.51257513737346
8279,100.53194875617083
8280,101.96603986315012
8281,98.45451512446266
8282,104.11368062788517
8287,99.19861883673099
8288,96.08956268308509
8289,93.50838079668534
8294,98.26168029635448
8296,96.24199664834856
8299,97.97170466130746
8302,99.56604338113152
8308,100.43276437457143
8314,99.15274723868941
8315,98.25789443875601
8316,99.79632456600382
8317,97.98948769872652
8319,99.75606383739546
8320,100.22771046090367
8321,100.10259153816048
8323,102.64718459131359
8325,102.65817472265013
8326,98.88052265165214
8328,99.32966546605616
8330,104.05035340711845
8331,96.98396263409268
8332,106.57323557888395
8334,100.89585840626648
8338,96.39075245824824
8339,100.91282448120268
8341,99.41701241663202
8345,101.25173839045908
8346,97.14504186583332
8347,98.5566823494147
8349,95.97238396844784
8351,100.94565152208077
8352,101.52679626852665
8353,99.32966546605616
8355,100.2221638136894
8358,106.60756933521674
8359,103.03518852831627
8360,98.1543331521595
8361,97.15695179706438
8363,102.30022285796633
8364,100.35090167487641
8365,101.49572600682762
8366,100.46158590963245
8370,101.68952137762
8372,99.77298416740291
8376,103.68151160499713
8377,97.89355471583184
8379,97.70024955444654
8380,100.14861271161817
8381,103.50481046270613
8386,98.18682297072428
8388,98.63803786198582
8389,109.7256849408106
8391,100.73732673151972
8394,101.24574089865825
8396,101.50312110383294
8398,101.68465985834865
8400,97.10512735192646
8401,100.55162091639363
8404,99.41701241663202
8407,101.58466261605093
8408,98.14813177533165
8409,95.63061267805
8410,103.89960894171492
8411,101.0381817141718
8413,96.70145621734878
8414,96.83663442172752
8416,100.60582110499308
