ID,y
1,79.13099312304143
2,92.16235128238264
3,78.61207577602767
4,77.86291522738136
5,110.01144642869181
8,89.5917858856995
10,109.2143997495423
11,91.77854162677892
12,115.2495580707524
14,93.41154367383572
15,114.76428071457444
16,105.32199405342634
17,94.2199202654264
19,93.54916384891311
20,102.4193438525422
21,93.89765252492535
22,115.12568162062547
23,94.2199202654264
26,90.4532018580311
28,91.71451586527166
29,94.2199202654264
33,94.2199202654264
35,92.32389808644734
41,94.2199202654264
42,90.96849976878114
43,115.60510487228886
45,105.14086784103299
46,99.40830137206814
51,92.26278073190042
53,77.33271616197169
55,109.6630330609913
56,93.9256961314407
57,102.3136358908848
58,94.41089185202154
59,105.99085743574028
63,109.93015958009377
64,94.97114454360303
65,103.69583055397452
69,91.61771989156658
71,92.39497120929369
72,104.68321400213239
73,91.65831220903061
76,105.18952263048459
77,107.44117778256683
78,113.96570916557313
82,93.78912681155606
83,103.69583055397452
84,91.7596367978283
85,101.53782243921805
87,110.63713252188202
88,94.2199202654264
89,110.36603905395106
91,92.69865470291782
93,90.95737838169654
94,106.08837494726566
95,92.54436333011932
96,106.10367331802931
97,88.11475035828056
98,106.95777119340104
99,91.89230606199254
101,102.87602679184715
103,110.36603905395106
104,90.31438399269715
105,107.69819705634413
110,91.67414690276303
111,107.89401623867741
113,108.14515943654038
114,89.917122887785
115,111.41187238529969
117,110.36603905395106
120,87.88949443746077
121,110.48137543086537
122,87.35480819824306
123,109.04907242518976
126,110.45967803773127
132,109.5003491386668
135,101.24823784228803
137,108.25863691677061
138,93.97646934937504
140,93.44041877526223
142,109.5765333363226
144,110.29406291543384
148,87.61139580048564
149,109.30854143804808
155,90.16027126834663
156,109.57879401137996
157,88.11475035828056
162,107.8810769535011
163,92.95758926112453
167,88.51967481543925
172,115.60510487228886
179,112.59472970642997
180,87.89637611094051
181,109.21815909387439
182,94.49830285395285
183,110.36603905395106
185,110.36603905395106
187,107.3556689072235
188,93.0064662630426
189,91.36097868199914
191,89.98105199876639
192,112.23784204523629
193,94.34249121723894
194,112.50768629021033
195,89.3089295902723
196,111.89142399556219
198,93.66100230980612
199,110.406279009706
201,101.55607790665263
204,94.06390896573993
205,106.09820947016475
206,94.09846265044081
210,93.74721787665442
211,102.87602679184715
216,114.44400181824639
219,115.2495580707524
220,90.68442288738473
221,109.02478486902632
226,109.21815909387439
227,89.464554532103
228,110.5264212591681
230,109.47757150921137
231,88.11475035828056
235,115.12568162062547
236,92.3152943043138
238,110.3775851788599
242,106.25191072743539
243,92.44654326343044
244,73.03009591574113
245,109.97125732088847
247,109.53245367768295
248,89.17624494390986
249,89.23382342643644
250,110.8642492693757
251,92.3152943043138
253,115.12568162062547
254,88.34499854599748
256,93.96602756895956
257,90.31112592587442
258,115.95774572416079
259,92.19060857585353
262,80.06897006885133
266,88.50405358286449
267,110.1878790436451
272,101.16151721432172
273,110.36603905395106
275,88.87139727732017
276,109.489471295822
279,92.75635541923768
280,103.69583055397452
283,89.4971430487752
285,111.05697036819589
288,110.36603905395106
289,92.7478958029852
290,102.31642790441808
291,94.92487950020578
292,108.9966780276711
293,109.38835351080445
296,90.12503525182419
297,109.07129190652932
298,114.93534455640231
299,93.78912681155606
304,89.6569017908536
305,77.6097956309581
306,91.31060910629574
307,110.00081964238751
311,112.0510961121554
313,110.18779448470312
314,90.8998907673757
316,93.31447996123907
324,93.36235085097161
327,91.1764739297131
329,90.63111514553617
330,112.32071144789461
337,103.87837886510016
338,92.61745676693783
339,103.64735131300804
340,94.24061979902126
343,89.2395422614772
345,114.76428071457444
346,88.23272562998214
347,110.25904364716612
349,115.62384343952178
350,88.14881199703464
352,110.91033213270597
353,87.69693647537795
354,76.07104938942632
357,92.5864361892549
358,109.8074980166603
362,107.08261875515635
364,116.29079880533021
365,105.3803412423301
366,92.87164525028791
367,109.87965462705594
368,93.62987163845145
370,75.9140421135532
373,95.22936126745049
377,90.60902707015387
378,108.36362051338301
382,105.18952263048459
384,110.5264212591681
390,92.80557825100861
392,110.92724783210926
393,111.81855453874223
395,94.67585348590364
396,104.35541493321024
399,79.80926639449908
406,110.18779448470312
408,110.18779448470312
409,88.57367469957475
410,75.89360191864955
412,111.44192148617489
413,90.76669076791393
419,91.83229697053791
420,108.908145886223
421,88.99145877428475
430,99.54260273267562
434,92.8533252698625
436,92.62143120538286
437,93.37265323098813
438,89.83153162321884
439,109.91843053831616
440,91.91656682559898
443,110.75155653741182
446,93.7111076378236
448,91.98487207855808
452,92.2565398617333
453,106.25766439701857
457,101.70581930954795
458,92.57273678992169
459,112.84060769073227
460,101.06510643506937
462,105.84112545944603
464,100.14191792105498
465,115.2495580707524
467,116.71860971370572
471,109.06304342190886
472,74.90463919952565
473,92.76490999532876
475,94.01822239187828
480,93.57481048327048
488,107.05243360232313
490,110.00081964238751
491,99.87891885234825
492,78.28556863064415
493,92.24051447029527
497,87.73607091915028
498,110.15451777758233
499,94.13030173326868
500,100.41281737555929
501,93.35539733843595
502,108.33915529702568
506,77.82952741705208
510,106.17739397658644
511,89.52798856713724
512,90.81808998785064
516,88.09351699217655
518,91.91984161410215
519,109.14821088628199
521,87.28103781443346
522,111.85186767804771
526,110.82252279798627
529,93.47424109916511
532,110.12304298360513
533,94.03228706032343
536,109.10562464863585
537,97.66011121100408
539,93.884275632016
540,102.1156767940812
541,92.08665347176924
543,92.14363923051303
546,109.32719111098191
547,91.71353469836356
548,80.07429654272647
551,92.75668590358248
552,101.55974126750684
556,105.69450531860585
557,93.24271833513318
558,109.87965462705594
559,95.08937430859953
560,106.12498055760891
562,106.66788212680159
566,93.74388823824376
570,110.15451777758233
571,93.37265323098813
572,103.69583055397452
573,93.40642899723466
575,115.2495580707524
576,108.25950445377731
577,89.606632982663
579,87.755845965617
580,109.45817398487156
581,110.2830096871798
589,110.00081964238751
591,102.67910550715243
593,94.99582594941279
594,104.82169030879437
595,93.42044183550638
598,91.99633590581709
602,108.51840363720592
604,111.31039183379707
606,108.68554934540128
608,91.62707276604263
609,102.87602679184715
610,91.96447821803946
616,107.47100656782007
617,93.20619265335529
618,105.77082845159896
620,105.53158294639692
622,109.29670968937742
623,89.1387132047791
624,113.98214989081771
626,108.79863433915514
628,110.92216344251577
629,89.80445364564171
630,109.47757150921137
637,93.8629401842565
638,104.30596003984161
643,95.07357742059207
645,93.57481048327048
646,117.94923577330886
648,93.00421041792481
652,93.4497057023006
653,92.58999268247481
654,110.15451777758233
656,110.4760467791036
657,89.71022283089863
659,94.35756515639801
660,105.65614622979635
663,87.75875799339644
664,110.35715424987887
666,104.15586618200408
668,106.08484804919487
669,91.85357388363184
671,93.83333781068751
675,88.9133979195806
677,91.72280925450812
678,110.19072733835964
679,105.0716467696285
682,91.01448937675738
685,105.53579589432911
687,93.94007006335264
688,89.80777699390771
693,108.22177709972138
696,90.47608576540347
698,91.397301222143
701,92.00598948860568
704,106.21599140103788
705,115.32401087784451
709,110.51890997274907
710,92.56953645354417
711,102.8154341275276
712,93.11914995977315
714,107.20356337612225
715,91.25866269446249
716,110.00081964238751
717,92.00398052658966
720,114.76428071457444
721,89.98105199876639
724,104.89527324633877
725,92.89338337074449
726,108.09037370630179
728,108.22997748865882
731,87.8529356529288
734,106.09183226539866
738,92.5605284898632
745,109.54136699581466
746,89.54802916690537
751,73.94115379039229
754,88.918125763803
756,88.09830889339707
758,92.93425343948337
759,109.67476003667366
761,115.17187269500215
766,90.98917984520315
767,108.23618612286336
768,89.1387132047791
769,109.24871960912776
770,91.65415545384329
771,78.28556863064415
772,106.8468758699884
773,92.18701324694604
774,109.86033524163923
776,110.5264212591681
777,92.96656565284917
780,115.60510487228886
782,102.1156767940812
787,102.97964782983902
788,93.884275632016
792,88.65343584860102
793,112.04122595690382
798,90.63977740809605
800,88.73010051905766
806,110.00081964238751
809,108.17656676961676
811,110.97065762863878
812,88.14028887707457
814,115.2495580707524
816,104.9914603400681
817,94.9735640698043
818,111.77250304565285
820,107.90194152891056
823,92.97269952411443
829,87.20208558035529
830,111.91642008765112
831,87.67338629537687
834,109.34358309148323
839,95.98380917669925
841,74.40739490443354
844,102.62201394979058
845,92.44975557421657
848,89.6569017908536
850,91.41939195678708
851,101.36553186518694
852,94.75663612294832
854,92.67894543272254
855,93.37416198204568
856,105.06191656516896
859,100.5126756866799
861,109.86033524163923
864,92.39620095289678
865,109.07767469312577
866,88.90465799896947
867,87.83289347795613
869,91.41983772845347
871,85.42406389372442
872,110.00081964238751
882,104.14394020178656
883,92.8533252698625
885,94.38404235187664
888,91.55917174403379
893,108.85497890501011
901,109.40806678984647
903,99.87891885234825
904,92.97696358707702
905,102.89260615269842
910,94.06008783944867
911,105.9088642237879
914,108.80519921851862
918,112.98667388539187
921,89.98723087579316
928,94.11963686056453
929,102.16197956648335
932,94.5720822698261
933,105.40078371717772
934,94.06008783944867
935,110.44538130603675
937,78.6210841435921
939,93.78912681155606
940,102.32411952379306
941,93.8393402828064
942,103.91472036698369
943,92.49317411266179
944,100.08873005712272
947,110.00081964238751
949,109.06765783474614
951,106.67309610899048
952,94.46267816959298
953,99.87891885234825
954,78.15894200571323
957,109.19751010648883
959,90.43907659435891
960,114.44126518453092
963,115.2495580707524
965,110.00081964238751
967,104.63533333626432
971,95.29532067365585
972,75.38696634748186
973,92.40365882367638
974,111.42489204647768
975,90.78795785854382
978,114.18431827343557
980,113.94751775260846
981,92.71362589879777
984,109.63617375766387
986,94.06008783944867
988,89.1387132047791
989,109.40489080858879
990,103.74496711596655
992,109.40806678984647
996,93.07435071712626
999,112.17594790436002
1000,88.09338443615167
1001,109.07767469312577
1002,90.10297151328206
1003,110.5264212591681
1004,89.34854519813098
1008,108.12543533555763
1009,93.36624230434495
1010,107.1296581280908
1012,116.41554814683042
1013,85.02649682642334
1014,108.5974988190649
1015,88.42114903732829
1016,114.67988541411596
1019,88.12636090215568
1020,112.83234390531527
1021,94.06008783944867
1022,105.20496245075196
1024,94.06008783944867
1025,76.6296125837241
1027,91.14064510894588
1028,102.16887476425575
1029,91.48060972480769
1030,92.71970694377515
1033,111.68616456029002
1036,83.48129240231702
1037,107.87894791230087
1038,90.13087430154866
1042,93.78912681155606
1043,104.69751301689735
1044,91.3215440121001
1045,109.77650370545416
1047,112.95981698877262
1050,92.33061407282776
1051,109.63763945352423
1054,92.57273678992169
1056,92.71362589879777
1057,93.04030011217799
1059,92.98418925394742
1062,100.52210009413793
1063,104.17233337047145
1064,92.71362589879777
1066,91.1779927108447
1070,105.10183997498234
1076,110.18916578260837
1077,94.61675117136983
1078,110.75653319169007
1080,108.97317491909561
1082,110.37582463174164
1083,90.7765111955207
1089,107.53434064456043
1091,91.55917174403379
1093,92.44594389545497
1097,93.93074000627824
1099,89.0496400750832
1101,94.06008783944867
1103,92.25166381423793
1104,109.7279713808307
1106,107.76392490098674
1109,89.65297454417967
1110,112.02240893403146
1111,89.29057668361904
1112,110.63011936329903
1114,92.26278073190042
1116,92.52882555074784
1117,107.01677183658518
1120,90.68692212398142
1124,110.09591354120823
1125,89.95257579364369
1126,110.35763502583205
1134,108.3379330938011
1137,88.52908688139274
1138,110.54217427144718
1144,110.06858518666215
1145,93.42044183550638
1146,90.8998907673757
1148,91.08626037240572
1150,90.2016447678038
1152,102.62201394979058
1153,96.05521782140727
1154,102.78947646210159
1155,93.0064662630426
1157,94.48803115918628
1162,93.78912681155606
1165,110.04309882084232
1166,92.98930448772326
1167,104.98710312896077
1168,94.23918105526968
1169,100.5126756866799
1171,115.12568162062547
1172,93.72707636978451
1173,100.5126756866799
1174,93.57176947465913
1176,93.58155120575793
1177,103.0307544971734
1178,92.5864361892549
1182,110.13147197787552
1186,93.57481048327048
1187,111.80351199331034
1188,89.23382342643644
1189,115.60510487228886
1191,106.321983276145
1192,93.20358873594728
1197,110.33180091700638
1198,86.4093696226945
1200,75.60104003499097
1201,91.99320580488694
1203,93.83869583468677
1209,115.2495580707524
1214,101.25802933616364
1218,110.952700914106
1222,89.48423099452071
1226,94.25827284766382
1228,92.5318160805712
1230,88.05065870262308
1232,74.88549019223859
1233,94.35468034331853
1236,112.77284214645769
1238,91.69518508448493
1241,110.06858518666215
1244,101.57096971603994
1246,89.98177889754257
1247,112.87820815239749
1250,110.34998439007734
1251,89.90366025997194
1254,108.59045545287285
1255,92.37857472345763
1256,110.21035042885389
1257,89.97274271634959
1258,89.4822833912607
1259,110.36688770052405
1260,94.44486210456071
1263,109.70251712852573
1267,77.45977699920098
1268,108.00792847628367
1271,92.82089092162713
1272,108.85497890501011
1274,105.37488855028796
1275,93.78912681155606
1276,109.63763945352423
1277,90.27132974695732
1279,90.8998907673757
1281,93.59793364602979
1282,89.23382342643644
1283,109.82247738703842
1285,110.20374677784648
1286,87.95740579735951
1289,110.69502231262643
1296,111.78534507336812
1299,89.83557670966619
1301,93.07435071712626
1306,89.42740734090395
1307,93.14519239296925
1308,88.67432843432451
1313,109.63763945352423
1314,94.89929031418993
1315,112.02240893403146
1316,91.10195297677078
1317,109.82461429583918
1319,90.14217914703201
1323,93.21163029440748
1324,107.09420742659304
1325,94.78917140770216
1328,104.94912695042638
1329,93.01202714360247
1330,109.86033524163923
1331,90.5609154955261
1332,107.91107118304235
1337,96.00768827993844
1338,109.41283825267328
1339,87.28103781443346
1340,110.2612061868355
1343,109.10131367813554
1347,98.72256659121535
1348,93.71484964091165
1349,106.50229259969157
1352,90.8998907673757
1354,93.74023004018278
1359,108.99957882932114
1360,93.6969076505855
1363,109.82461429583918
1364,90.47608576540347
1365,105.56454767332791
1366,96.07163256576104
1372,95.44526480327698
1375,102.30586311439542
1376,92.45476203656955
1378,87.69647271364335
1379,107.53705436831618
1380,94.06008783944867
1381,100.5126756866799
1384,113.13670971532346
1387,89.83557670966619
1388,108.86109477049158
1392,75.4203093281912
1394,101.87086236551652
1395,94.46078179616816
1396,110.18779448470312
1398,91.19326460907234
1399,110.18779448470312
1400,87.84293276648197
1401,90.91347980525575
1403,94.17786963007703
1404,111.29504558782816
1406,110.18779448470312
1407,91.67724265629062
1408,109.70251712852573
1410,77.45977699920098
1412,110.00081964238751
1413,94.00941015168539
1415,95.42793203808327
1420,109.70251712852573
1422,110.952700914106
1423,107.69458464914106
1424,109.70251712852573
1425,94.8302188204465
1426,77.45977699920098
1427,93.83869583468677
1429,87.89880035515895
1430,109.16577557013696
1431,93.56113682436151
1432,103.4141143962997
1434,107.0987342983708
1437,93.29873755640938
1438,105.1228143858786
1440,108.17276383650966
1441,108.22930226907752
1442,92.5864361892549
1444,109.24768814391823
1445,94.65541912016008
1446,102.29048871623877
1448,88.08373530362368
1453,89.10304012342513
1454,110.00081964238751
1455,93.20358873594728
1456,110.0863443651281
1458,110.00081964238751
1459,90.91033419367034
1461,91.6432896827877
1465,89.83557670966619
1466,110.53295762662216
1469,93.21163029440748
1472,89.10304012342513
1474,92.81959946514058
1477,110.02517004659408
1479,106.17804963813163
1482,87.03919237453874
1483,73.57218425717485
1487,90.93135971588322
1488,110.15451777758233
1490,110.53855153996616
1492,110.13921187444436
1494,115.03543221565236
1496,105.67017818673826
1497,92.42169886990308
1499,93.59438953944624
1502,91.2047175722638
1507,113.04365735584115
1508,90.8998907673757
1509,106.36872697926177
1511,89.54802916690537
1512,108.19790492633672
1513,113.86452912461617
1514,105.69278665145411
1518,110.70109108683064
1519,89.79705537708452
1522,110.63014463762534
1524,76.00100276918343
1527,92.5864361892549
1529,88.15114048978103
1532,105.82997843027181
1536,109.94241475525735
1537,115.2495580707524
1539,105.53506964258169
1542,109.53728447993481
1543,92.45476203656955
1544,105.14627135103584
1545,81.0465795714137
1550,92.26778719425434
1551,105.96713953612645
1554,105.32199405342634
1556,102.62201394979058
1559,89.97274271634959
1560,76.1928654411261
1562,92.43893891861197
1566,89.44200244476627
1567,110.26023205772495
1569,105.63510336042089
1570,110.44314452098261
1571,109.21432192799693
1574,90.8998907673757
1578,102.1156767940812
1580,89.89357480272733
1583,109.4196136695748
1584,90.8998907673757
1585,108.39066952491237
1586,90.96721493448453
1587,110.5264212591681
1588,90.2855333896554
1590,113.83812806595476
1592,103.43136877564794
1596,110.16949670715368
1598,106.11052780334111
1599,91.8642174986079
1604,116.78888002093032
1606,102.23790724043366
1607,94.00941015168539
1608,105.04008702900444
1609,115.12568162062547
1611,93.50759709200014
1613,93.24071345388913
1616,92.69757842077331
1619,111.30131075689084
1620,88.67362163679812
1621,109.9634724262036
1622,90.05736477576275
1625,109.40806678984647
1627,115.12568162062547
1629,108.57794333925062
1634,92.49217346382642
1636,92.26107868947551
1638,105.64323210416796
1639,92.03908821712274
1641,93.25315775907879
1643,92.61456007484708
1644,103.60332286923341
1645,115.60510487228886
1646,91.49448866596461
1647,105.90753212903472
1648,92.92985438245921
1652,89.89357480272733
1653,111.17013169690534
1656,89.96603855087005
1658,91.8642174986079
1659,112.50768629021033
1661,93.15798757949761
1663,94.00941015168539
1664,109.98507012760142
1665,92.42092818743359
1666,102.62201394979058
1667,103.93314694016094
1668,76.47924108612332
1669,105.3778760882725
1670,97.01177170633167
1672,110.8383409316429
1674,108.5974988190649
1677,110.15451777758233
1678,89.0552216241982
1679,112.07575833681724
1680,88.53306608026978
1683,102.22575584298042
1686,103.12222078431563
1687,111.92233630493544
1689,109.87965462705594
1690,89.47978842385277
1691,114.76428071457444
1692,111.2537950436882
1693,90.8998907673757
1695,91.74507599722045
1696,89.10304012342513
1697,112.32071144789461
1700,102.62201394979058
1701,93.12512885948541
1702,109.60378267407717
1703,89.4328957407219
1704,111.79916705956285
1706,93.11456346071321
1707,109.63617375766387
1708,92.90060074111284
1710,92.87358904103812
1711,101.29474968620804
1713,105.11155050858068
1717,100.36845939259612
1719,102.1156767940812
1720,91.25859170118213
1722,90.59288446628955
1725,104.22508643594168
1726,92.14025074334779
1727,107.07906559982864
1729,110.02328460323281
1730,90.18775733866997
1731,109.4861957916375
1733,102.62201394979058
1734,91.80754251212079
1735,110.952700914106
1738,93.24071345388913
1742,93.63261830997132
1745,108.5974988190649
1747,92.93815401716921
1749,94.0709262680588
1751,94.40190947889505
1752,77.1318637822872
1753,104.53210999011719
1754,91.66463850297848
1755,94.01822239187828
1756,104.33043880785584
1758,109.15484726680327
1759,93.20358873594728
1760,102.31642790441808
1761,110.77585644016122
1762,89.4158733614558
1763,108.86254308938413
1764,96.24316405309693
1766,94.85282078046433
1768,97.04950451900447
1769,76.376261714588
1771,110.72397179705621
1772,90.28759477000807
1773,101.6356370053773
1774,88.38777938120012
1775,110.28801712833575
1777,114.91523832369413
1779,93.20358873594728
1780,103.69583055397452
1787,89.4328957407219
1788,91.74762549862355
1790,93.828325169768
1796,109.59338174800737
1801,88.44179714899519
1803,91.5511819756249
1807,109.4786134951535
1809,110.01129544375155
1812,91.30154239111317
1813,110.14514213919011
1814,93.18994945911953
1815,107.95134678149617
1816,92.73931440301234
1818,88.35153399598113
1820,88.44300258505592
1821,112.95981698877262
1822,94.16226795675288
1825,91.01360597607277
1826,101.41055992500236
1828,92.94082677543597
1831,104.35461435962452
1836,113.58145779725552
1837,93.56285277887827
1841,92.81959946514058
1844,103.88712721292504
1848,91.38246097834616
1851,105.53506964258169
1852,91.74614658634897
1853,88.41068186522733
1854,106.35190933264766
1856,94.57210844256124
1859,110.39399325807295
1860,92.47303226985088
1861,78.95719161352876
1863,102.28916134702246
1865,93.8393402828064
1866,105.81480539841887
1867,92.3842595131008
1868,88.94761838454383
1872,94.0392559018461
1879,92.1680141820932
1880,101.53782243921805
1882,93.79101271391875
1885,102.22575584298042
1887,103.80723996034615
1888,92.59220346229435
1890,110.04163256644256
1894,93.53901596775088
1895,102.68280439460335
1896,92.19932411489012
1897,112.31610869564395
1900,109.02182880384876
1901,89.97274271634959
1902,108.51451392221247
1905,87.78528878367311
1906,106.46999996673776
1912,99.87891885234825
1915,92.88453069032329
1916,105.96569516756409
1917,92.40092930525688
1918,101.68049181643556
1920,76.49932147413755
1923,90.99649492628558
1924,101.19649152248851
1925,93.25495001431685
1930,115.12568162062547
1932,110.18779448470312
1933,92.1782417412044
1934,109.79999316839796
1935,89.67444020248803
1940,77.45977699920098
1941,93.67944226038196
1942,106.99015396365493
1943,89.0109852605533
1944,87.34011632978263
1945,111.00392806434814
1948,115.2495580707524
1949,90.55668767965838
1952,98.17765139288267
1954,90.8998907673757
1955,109.70251712852573
1958,88.05773221228262
1959,79.96356531141515
1960,108.86254308938413
1963,94.13444077369184
1965,90.22232770274778
1968,100.47067970307953
1969,90.47608576540347
1971,93.54504387099368
1972,110.58105931917177
1973,88.79489653950753
1975,89.77411932279739
1977,92.98119294404299
1978,93.21807168528414
1979,109.19407907458196
1981,89.65830908400184
1982,111.73835451081067
1987,109.69961572100857
1988,89.44200244476627
1993,93.14196406784717
1997,91.47931269633159
1999,93.27171468325656
2001,93.24071345388913
2002,111.87572495006593
2003,89.55019413350328
2004,76.07199651168723
2006,108.22300206072205
2007,92.10207792621809
2009,103.17969385030844
2010,91.17842254189873
2013,101.65199948227587
2018,78.82960443262789
2022,105.51735347445444
2024,106.65737977448643
2025,94.98884575628114
2026,106.70728672406818
2030,102.4193438525422
2031,92.29416658739513
2032,99.87891885234825
2033,93.27305859145821
2035,87.36421564326514
2036,109.1390292936895
2037,87.94119707637134
2040,92.75635541923768
2043,113.30494900867174
2044,107.34230693422606
2046,103.54143446490025
2054,107.47034892379378
2055,94.52946605955538
2056,103.69583055397452
2059,88.51126327054106
2060,89.97274271634959
2062,86.06001358075812
2063,107.0415679016705
2066,93.53901596775088
2067,111.73536146261941
2072,90.00333252705855
2073,108.59329741144148
2074,88.13282375501939
2075,108.68472293436793
2076,92.02172112030769
2080,88.48358715867462
2082,89.97274271634959
2085,107.42633169246352
2087,106.31979282333936
2091,108.89918548184082
2092,94.55715348182619
2093,103.69583055397452
2098,102.37251052208171
2101,108.86254308938413
2102,88.92120665261677
2103,77.45977699920098
2105,106.7844407892476
2106,93.40642899723466
2107,108.43019546046423
2110,92.2565398617333
2114,90.98384481539148
2115,108.10301660887555
2117,76.88793203388349
2118,92.22590200124387
2119,104.51553517883335
2120,92.5715184960228
2122,89.13174865754357
2123,109.89099345655544
2126,93.36271043389681
2127,100.18489301737387
2128,92.63262462282526
2129,107.1222926212314
2132,92.25404138575806
2135,102.93056395419903
2138,92.7662108594784
2139,115.12568162062547
2141,109.56152035712142
2142,93.4649839652802
2146,99.92889805419472
2151,111.28218444839317
2157,104.44336564664806
2159,109.83817848960294
2162,93.0064662630426
2164,114.81047178895078
2167,86.31884016969812
2168,108.00180505135293
2171,85.48157661512212
2173,94.03032122717187
2174,106.63389230922976
2175,94.38911985071766
2178,91.65831220903061
2180,93.24071345388913
2185,109.58129488766917
2189,85.66548660935972
2190,111.73536146261941
2192,103.33343063900784
2194,112.09545257848633
2200,112.65615247603199
2201,89.73299391520862
2203,110.79662971016091
2204,89.36786069640436
2205,109.2895555591488
2209,110.07871526674046
2213,105.93530974071058
2214,91.04149402951924
2215,111.85959392406494
2216,88.7633585243799
2218,91.65173628493625
2219,104.81277046811266
2220,93.6969076505855
2222,89.74608796837899
2223,108.0524529917156
2225,109.39437727087798
2226,89.20531708787317
2230,91.90127160291894
2233,110.43280546651772
2234,107.40677294579552
2235,89.36786069640436
2236,77.77666220904585
2237,92.29182177472603
2240,113.11488334300792
2241,91.61374809318414
2248,106.15008574893606
2249,92.587630404017
2250,109.92727346350813
2252,109.89457200450184
2253,91.84421791740488
2254,109.28782969008589
2256,74.84483833924689
2258,88.76380951396675
2259,110.11519629471906
2262,93.53901596775088
2265,93.884275632016
2266,104.4271140481411
2269,94.4963194782911
2271,93.9981436961352
2273,88.80172358357956
2274,109.62315438463457
2275,89.54601907289302
2277,92.00926644404493
2279,89.36786069640436
2280,76.77992797302386
2282,93.24071345388913
2283,103.88095100162269
2288,90.22930439849631
2289,113.31346321058453
2291,93.83296657498514
2292,115.61095897680389
2297,93.84061782197705
2298,102.7057057068634
2299,91.52292737290418
2300,112.59199051756397
2301,89.16119124042584
2304,94.52946605955538
2305,101.57917429893297
2306,93.53901596775088
2308,92.78207111807347
2309,109.89597747917176
2311,87.69226391900864
2312,106.76391554966736
2316,102.5097051130617
2321,101.29474968620804
2322,106.63382825321378
2325,105.24585761455717
2326,91.5580215898726
2329,115.61095897680389
2330,91.62656862972432
2331,101.93915055431381
2332,111.51589144514801
2333,93.53901596775088
2334,104.19922302571115
2335,110.21035042885389
2337,108.8566401666499
2338,87.01732106170712
2340,111.51589144514801
2342,90.70533018765705
2345,87.92643297988721
2349,97.60848321694564
2351,77.1515151315991
2352,92.7584933383383
2354,109.48304711105445
2355,114.08435384947148
2357,109.39437727087798
2358,93.01318358539929
2360,91.53117394961478
2361,109.48304711105445
2364,92.5864361892549
2366,92.21263777219386
2369,102.89678910052478
2370,94.58240400206793
2371,111.21758893128629
2373,117.33247762274283
2374,94.54344346666298
2376,110.5264212591681
2378,113.7063807761678
2382,93.94953018764278
2383,86.99888579982508
2386,103.57650626966358
2387,93.38237900302191
2389,87.24229989935637
2390,109.58532944098775
2392,88.40931047785568
2398,111.51589144514801
2399,93.59881462182443
2400,89.24298252929242
2401,110.4899246193709
2402,92.57273678992169
2404,89.474738042279
2407,111.21156633553421
2408,107.39861717332354
2409,109.20657966129832
2412,76.37942767663861
2413,93.18577040229937
2415,94.0969265476069
2420,109.26810881238339
2422,93.5256096626444
2423,103.78315672397707
2426,92.34407654325003
2432,92.45553508225169
2434,89.24507390380549
2435,87.9943059930915
2436,109.46387136948616
2438,112.95922851794242
2440,108.56912220048693
2443,92.18751864736285
2444,88.99206329870046
2447,106.15008574893606
2450,93.75309522103771
2454,89.4175099685825
2455,109.34786268367799
2459,93.53901596775088
2460,107.49621098949679
2463,90.49363340874316
2465,90.73304882511172
2468,77.45977699920098
2469,89.55019413350328
2474,87.95467038883527
2478,92.14469919419787
2480,90.79423147130811
2481,113.11488334300792
2489,93.24071345388913
2490,102.4193438525422
2492,89.67444020248803
2496,93.53901596775088
2497,109.73059013706938
2500,91.97119138460803
2505,92.75635541923768
2507,86.28640576127265
2508,109.2895555591488
2509,93.20619265335529
2510,77.74401128947542
2513,89.9610941651128
2515,93.24071345388913
2518,86.99888579982508
2519,110.58404552644598
2520,86.99888579982508
2521,110.80022245357802
2523,108.91876561192507
2525,93.42843196746657
2529,109.40703007970868
2530,90.3105441312693
2533,110.72391368314737
2535,86.99186969086006
2538,102.3327154661008
2544,113.31012205018433
2553,108.30946576616213
2556,93.01422424512992
2558,91.70289452113136
2559,120.52465241998817
2560,91.4145048077475
2561,110.20910024661939
2562,87.8681832158687
2563,109.21713101696841
2564,89.42740734090395
2565,110.43280546651772
2567,106.53684146334126
2572,93.17512518411422
2575,94.01530001208269
2576,109.24794326897197
2577,85.91327675514931
2578,93.21682250810187
2579,108.51890969854819
2580,88.39257007661377
2582,114.34547888412851
2583,89.36795592695256
2587,92.44798540408961
2589,111.04600567167535
2590,91.55498677654995
2591,109.40703007970868
2594,87.15562656277248
2597,94.43668435287825
2598,102.17021395643341
2599,95.52068324288228
2600,105.45075688210952
2602,109.41780645419075
2603,93.17512518411422
2604,102.53876540275273
2606,109.22820373858013
2607,77.1318637822872
2608,90.00333252705855
2613,109.2895555591488
2614,91.03317027172243
2615,109.28940825633791
2617,110.34759151044761
2620,90.2016447678038
2623,110.04067860030241
2624,90.43640380924586
2627,109.2895555591488
2629,77.1318637822872
2630,88.81554629640226
2632,94.21561544324774
2636,87.90668723787846
2639,90.7137437059992
2640,104.4754691096241
2642,109.40703007970868
2644,102.93056395419903
2646,109.76295959125636
2647,88.20967680706008
2649,91.99754212486994
2650,110.90829065125538
2652,102.62201394979058
2653,105.50871838076858
2655,113.44253752785676
2657,111.51589144514801
2659,110.18779448470312
2662,87.7592357975916
2663,113.11488334300792
2664,94.44155706187965
2665,104.98316154009856
2670,94.16220067351341
2671,104.01553376200161
2672,94.5885693442052
2675,102.62201394979058
2677,106.5264141835383
2679,107.43295109108485
2683,109.33745257960652
2684,91.95665385449969
2685,92.36459517961265
2688,105.06223184600739
2689,92.60814100955665
2690,103.83848880556522
2693,94.67429772487702
2694,108.95147065244575
2697,99.45834684449282
2699,92.29069883275315
2703,88.95572413272585
2705,100.96862766604278
2709,84.97830182429497
2710,91.45489269007629
2711,109.3042259167647
2712,90.9368752551242
2713,97.82962664333954
2714,110.41464011480113
2715,86.41602258762593
2717,89.77876072801479
2718,112.40838305653008
2720,111.80975301961234
2721,91.67100178612401
2726,93.22726875070032
2728,92.77889876721693
2731,104.07400866803056
2732,110.06858518666215
2734,92.14991763950938
2736,99.29338077674055
2737,92.35587023021174
2738,102.8684441956465
2739,109.5509429278557
2746,92.50812758325725
2749,103.81870799518518
2751,115.60510487228886
2752,103.36478537291461
2753,94.29969580766274
2757,103.17969385030844
2758,93.3912245798767
2759,108.38865912741528
2760,91.31439749672148
2762,107.53276088911105
2764,92.6335649210423
2765,109.08148104376852
2769,109.36684926770468
2771,108.49510278595875
2774,91.23917479731381
2776,89.84672651113758
2777,108.25732561539948
2778,89.97274271634959
2779,109.83694025669436
2782,88.4032688733991
2784,87.02355974987925
2787,87.56230198403105
2789,95.25319634334028
2792,92.21030044581238
2798,94.88464911349953
2799,104.36623171821614
2800,91.52652579454411
2801,77.68766245227022
2802,89.03863904162091
2804,93.49710350980524
2807,105.56454767332791
2808,96.2555843549882
2809,115.35358843726166
2811,114.74836971408642
2812,93.02936398359356
2814,89.3641265480592
2816,91.05195278663771
2817,111.40448047057771
2818,107.29140947969543
2820,108.51607032570058
2821,75.8432714172828
2822,93.79283240440449
2823,101.40195552508675
2824,92.3735472664437
2826,88.77567512881473
2829,87.34070857392541
2834,91.69951167603728
2835,77.67005494062516
2838,94.69880044964222
2839,107.3616287328851
2840,87.45151309225469
2841,109.15209061019442
2842,93.53901596775088
2846,110.21836981558145
2848,92.5588878686759
2849,88.80801168124259
2850,110.41464011480113
2851,93.78912681155606
2853,90.72675883876079
2854,109.40703007970868
2858,109.67040027545252
2861,91.27503492556252
2864,89.67444020248803
2865,113.11488334300792
2866,108.92844855773265
2867,88.37238933026262
2868,110.26106828689316
2870,109.2740041393333
2877,92.05060853028618
2878,109.2895555591488
2880,111.01077929381933
2882,76.45536557472109
2883,94.47286120431397
2884,100.2045402959177
2885,92.4006084555374
2887,93.24071345388913
2888,111.04289646338444
2889,94.13856075161172
2890,102.34502587859195
2891,87.50993048191017
2892,114.67988541411596
2893,91.07691107770327
2898,110.93328678593562
2899,91.43836640257953
2900,111.39806290714174
2901,88.73515125704017
2909,93.45652050675659
2910,108.07704983958669
2911,108.49312517675781
2913,107.76332908032975
2914,89.77958290245732
2918,90.6581671474076
2919,109.76486843214468
2920,88.59636700333635
2921,109.2895555591488
2922,92.84383511149338
2923,104.62809010031162
2925,111.0602258736963
2926,88.66657186620651
2927,109.70533259356989
2929,110.70109108683064
2933,88.91578785666246
2934,107.8164888353727
2936,107.17693954753767
2941,100.87156931627948
2942,93.57537061306007
2943,110.4058149331479
2945,105.16547542610957
2950,88.51215194874334
2951,110.22015186288709
2953,118.28216007160032
2954,92.47897529773184
2955,106.09417586095947
2956,94.90587130188607
2960,94.55118659658746
2962,93.83353143914275
2963,104.5611018696652
2964,102.03647587418203
2966,77.29674730829149
2967,89.00146470135539
2968,109.71429187029509
2969,89.77411932279739
2971,88.37355556961731
2972,93.84061782197705
2974,93.16672113630219
2975,109.96292248882779
2977,115.03543221565236
2980,109.42610238529846
2981,88.43384933692727
2983,93.51196635123532
2984,103.15450688136708
2985,115.61095897680389
2986,103.13005326912234
2987,93.84061782197705
2989,93.4518337558525
2990,110.2005154488431
2991,88.56707257242354
2992,76.376261714588
2995,99.45834684449282
2996,104.93841330299651
3002,108.91323194902431
3004,109.9208099062844
3005,115.17187269500215
3006,93.87426176547126
3010,92.97887596783453
3011,103.71763400846149
3014,88.66657186620651
3015,91.20651351377322
3016,93.29873755640938
3017,111.96985638697446
3018,88.10038422523539
3021,103.34058820987798
3024,102.17021395643341
3028,91.188196100585
3030,89.97274271634959
3032,92.30392456424678
3039,92.19932411489012
3040,101.98466536805736
3041,91.59777594663825
3043,89.72624943218274
3044,114.07792649601171
3046,108.57510324523909
3055,87.71025110560126
3056,109.33635510795966
3058,88.20139647216513
3059,111.13682698154702
3061,115.2495580707524
3063,102.04736215322572
3066,95.1044978424674
3067,102.17021395643341
3068,78.3154052787059
3069,91.67100178612401
3072,113.78013382415718
3073,110.74495214478975
3074,89.1380904084431
3077,88.49337536046255
3082,90.34494072442118
3084,99.45834684449282
3085,110.81274484279737
3088,102.93056395419903
3091,87.40709055351918
3092,111.16389371132763
3093,91.75052860444055
3094,104.07400866803056
3096,109.79999316839796
3097,90.18775733866997
3098,75.6705821099524
3102,114.45006720022435
3106,89.06083087732759
3109,89.87465284831663
3111,88.99835172215631
3112,115.17187269500215
3113,91.96930429998761
3115,90.00333252705855
3116,109.77965383632014
3117,90.09106966375231
3121,106.20925013858333
3122,89.76893757653292
3123,91.97119138460803
3124,101.55607790665263
3125,93.29873755640938
3126,104.14583901880297
3127,114.76428071457444
3129,88.58057884302573
3130,108.59631847664863
3132,105.18294269748246
3134,104.33913704499804
3135,94.87790916619522
3137,78.13077755794231
3138,90.35120926618839
3140,93.30573899740139
3144,108.97194346257504
3145,90.65495660007517
3146,109.28940825633791
3147,91.90064502477787
3148,103.00528756218472
3149,106.54983026311172
3150,109.4128239236941
3151,90.00139804297953
3152,97.10507732388928
3155,95.64994660942642
3156,110.41464011480113
3159,88.96584738380878
3161,92.22674058155664
3162,103.86608222990643
3163,92.7638437181976
3165,103.28403929005344
3172,89.6161066921957
3173,108.00292176736937
3176,90.16696500353657
3177,101.74770842693275
3179,109.96292248882779
3183,89.43450399445362
3186,91.67076595449035
3187,104.7050065994624
3189,106.43822658582434
3190,93.31148609926072
3192,114.76428071457444
3193,89.6161066921957
3194,109.49768910536622
3197,92.82089092162713
3198,93.25380220719813
3200,90.95779808944631
3201,114.47894238406106
3202,93.25380220719813
3204,92.75635541923768
3205,89.9128690285363
3206,113.02316673210456
3208,103.72356439420119
3210,103.56894672935422
3211,93.65497444790486
3212,115.2495580707524
3213,90.79135841681381
3214,108.00792847628367
3216,102.34502587859195
3219,88.01054414570172
3220,113.2822147054602
3221,91.96930429998761
3226,111.83330078483434
3227,91.2079822447923
3228,109.26473158214213
3229,90.91698791804473
3232,77.45977699920098
3233,92.9838054864077
3234,91.11870535556885
3236,96.75007880113662
3238,108.82149200410052
3239,104.97390474996439
3240,86.56338407424585
3247,108.36692479340701
3249,101.64772780398306
3252,118.39715694224617
3253,95.5695935750206
3254,105.19957496145443
3255,92.39691503278402
3256,108.12174148678535
3257,92.94109885276939
3262,94.69635098980277
3263,102.62201394979058
3264,94.90587130188607
3266,110.04494277147927
3267,95.36599268739414
3269,96.23045748187013
3272,115.61095897680389
3274,92.82089092162713
3275,109.02864532926867
3277,92.28185282482696
3279,93.99906180403184
3280,102.9814680446411
3283,97.94595473325631
3285,93.24071345388913
3287,89.34487904977793
3288,102.17021395643341
3290,102.10802605098601
3291,91.3221863838973
3298,107.40672023540003
3299,93.76360755323267
3302,106.60799458236656
3303,92.40038044008014
3304,103.39659217197135
3307,90.88777067046755
3309,89.81681330151045
3314,78.12843043639018
3316,110.88881460305507
3317,92.53862361622646
3319,90.2690144592894
3320,109.75515290905537
3321,92.95739030450164
3322,104.39649267023697
3324,87.755845965617
3326,89.61744572133317
3329,108.62376786025743
3330,89.42740734090395
3331,109.93281832412785
3335,114.67988541411596
3337,94.65451584305222
3338,103.26632876295963
3339,94.77347953833416
3340,109.42387063500095
3341,88.29013205569859
3343,87.92151618728195
3346,87.78399463661538
3348,92.75669741731883
3351,102.17021395643341
3352,115.42398413448828
3355,89.24592089840559
3356,109.48664590011407
3358,100.94998278213657
3359,91.74614658634897
3360,108.24048194303423
3371,110.49458386044967
3372,92.9459440112148
3374,92.96357090192745
3377,108.81584445409837
3378,88.92828752636854
3380,101.46489175180002
3382,92.5028072285426
3386,93.05667973429354
3389,110.73431543742254
3391,105.20781241263913
3393,92.67175421325967
3394,104.62750605392299
3395,92.04239175277431
3397,109.2895555591488
3398,92.8840689944804
3399,77.35022833671408
3400,93.93074000627824
3404,100.95526881115848
3407,108.77131978437242
3409,104.99819793903518
3419,93.25148821565568
3421,90.59624294943552
3425,93.37786101349366
3427,77.47098959949781
3428,115.61095897680389
3429,109.30289887230242
3431,88.64736213189784
3435,92.86143829314057
3436,110.5484605644356
3439,92.86886851509475
3441,86.83468002630391
3442,115.61095897680389
3443,94.69635098980277
3444,102.78598923599921
3445,92.87682267025232
3446,111.59124919029321
3449,89.97274271634959
3453,93.16010281098102
3457,89.88294408213446
3460,101.58467588082537
3461,92.9246713552694
3462,89.10304012342513
3464,102.04736215322572
3465,78.3154052787059
3466,92.76433790893867
3467,101.83194166633163
3468,95.3482480556799
3469,106.63283530972791
3470,104.91507674870051
3472,109.40703007970868
3473,87.63664065813367
3475,88.84558901196314
3476,106.43969018561634
3478,103.09925897729752
3479,92.9462582206157
3483,91.50123501074933
3484,101.33809478342548
3485,94.78129220288733
3487,90.52586573502388
3488,110.46248845509865
3496,108.69781853565794
3497,90.99265339426813
3499,93.56113682436151
3500,77.52455076955997
3501,94.01530001208269
3504,93.88925335847719
3508,103.69583055397452
3511,87.22539855562226
3512,110.30649425939063
3515,90.369712837343
3517,93.36210002643051
3518,103.97735423047766
3526,109.32069361649434
3528,112.81937923163126
3529,94.78726359017966
3530,107.41420087010543
3531,91.19002942993737
3532,111.20730890416542
3533,93.86463659955788
3534,91.77218182708276
3535,75.4092438839981
3536,87.78147211457059
3537,109.66172939473117
3538,93.13351831038283
3539,106.01910118520718
3540,105.97602038679716
3545,108.68282410036011
3546,88.87564853548872
3550,106.18916786357804
3551,93.63845447126221
3553,93.9381254735477
3554,101.58467588082537
3557,92.29182177472603
3558,111.70497778070677
3559,89.97274271634959
3561,90.99027874394199
3562,109.2895555591488
3563,92.81221422396794
3564,102.17021395643341
3565,92.87682267025232
3567,89.3021148287103
3571,102.17021395643341
3572,94.36287756248731
3574,94.92108847887428
3576,94.53248816970677
3577,108.8898449606011
3578,93.89948977328862
3579,93.96281551307078
3583,93.64321615689639
3585,90.20603974074692
3586,105.52221629051158
3587,109.59338174800737
3593,87.38968468401006
3594,115.20032429814395
3595,92.19932411489012
3599,93.94007006335264
3600,105.70151137681677
3601,109.40703007970868
3602,89.97274271634959
3604,92.30266949109415
3609,115.88768107775896
3610,107.12845265990575
3612,110.31887523912093
3614,111.31592955589
3615,94.06548890680597
3617,94.29736431789405
3618,108.8890884499115
3619,108.63129687516863
3620,109.96127153539717
3621,94.74556488437747
3625,89.34164328957979
3626,103.90974302112636
3630,103.13328167981129
3631,93.14791012752158
3632,104.1295959892649
3633,94.97233933710707
3634,110.1878790436451
3637,92.65278961863088
3639,88.82371421389973
3640,111.86869094262377
3641,87.78824327390245
3644,110.2714293648832
3645,93.33075232569216
3646,91.72621938270828
3647,88.25509068947852
3648,108.70401748354018
3653,111.00541168682682
3654,89.03369713622902
3655,110.2303029983955
3659,104.85058639245187
3660,92.22703732280593
3662,107.59082444424945
3666,89.52887699494214
3668,91.63200256808577
3671,90.32085406584346
3673,91.0531264789312
3674,110.13514157389764
3675,93.78552260988799
3681,88.91426294479294
3682,110.15890905963766
3686,108.00792847628367
3687,87.8913143555859
3692,80.97038042643109
3695,110.37506478110512
3696,94.70891247936497
3699,110.18625007810235
3705,108.78210938608952
3707,77.45977699920098
3708,93.80159155772782
3709,110.81390131224967
3710,93.79101271391875
3712,91.11367010538967
3715,111.30908180768168
3716,94.00642203639637
3720,110.67235511477517
3722,77.45977699920098
3726,92.29741808293889
3728,88.20189694059431
3729,109.72704088713314
3731,103.34193285636718
3735,105.39043394735106
3736,92.31928274450021
3739,102.96076324704862
3741,108.39390465390531
3743,105.51051896505078
3744,93.828325169768
3745,111.39853094090532
3746,92.15030833337866
3751,91.66555960485839
3753,93.28759470146764
3760,107.56379915208746
3761,95.56795677431475
3762,108.66226072122788
3763,91.91205060704658
3765,89.98691321967445
3768,111.60017895159999
3769,93.1225240736037
3770,106.54173566918561
3773,108.93348676649751
3774,93.93623591105734
3776,93.34571881005456
3778,89.1432110226969
3779,109.81662292458088
3780,92.60398876509277
3781,111.64112327033281
3782,90.97962171823974
3783,108.92267204505677
3784,91.52688451741471
3786,92.29741808293889
3789,108.49532921402604
3790,92.62769728056278
3793,110.3860468719154
3795,111.01077929381933
3797,94.75126161050412
3798,115.61095897680389
3800,110.5484605644356
3804,94.71889645957089
3810,92.20912518938351
3815,111.35710653922101
3816,94.71889645957089
3818,102.3126904322969
3824,109.40703007970868
3828,103.24548508201468
3830,107.19940178611839
3831,91.16925365187097
3832,77.1318637822872
3834,110.48367963097752
3835,88.11648715323574
3836,108.16174215559099
3838,93.24071345388913
3839,115.2495580707524
3840,108.88885399252558
3845,89.48633634903882
3846,110.18779448470312
3847,93.36210002643051
3849,76.56496418015908
3853,108.71098759066669
3855,103.69583055397452
3856,94.41742502280005
3864,79.81873649131785
3865,93.08094834856057
3866,108.76550504873055
3867,88.09245818683638
3868,110.5484605644356
3869,94.84985556014743
3871,87.91658494225148
3875,104.09817402169632
3876,88.51326997764318
3878,91.60287877443385
3879,109.2242193729102
3881,110.5484605644356
3883,109.43662281250366
3884,89.03146598121688
3886,109.81732378983017
3890,93.00280864413651
3893,108.11173750705596
3897,101.90611065964337
3901,89.58072828194702
3902,108.86254308938413
3913,109.48401149245626
3914,89.94467146679844
3916,87.68965220422487
3917,110.49379978290955
3924,104.96169448713145
3925,93.27987921330634
3928,94.38778947852403
3929,110.74466405499751
3932,93.09871957025487
3933,102.34502587859195
3934,70.80419634132647
3935,89.67444020248803
3936,92.9052862220855
3937,110.18779448470312
3938,87.76714872379657
3939,108.16174215559099
3943,86.75926364369977
3944,109.40703007970868
3945,110.01566173908094
3946,91.09073117500853
3947,108.51962039034984
3948,87.83542831610356
3949,108.82149200410052
3950,92.11206387015255
3951,106.55364612282756
3952,89.10304012342513
3953,110.2211381039311
3961,113.21514406243845
3962,91.12939005853303
3966,91.4717563969653
3967,103.95932609956265
3968,97.82258360512935
3969,110.32584183334762
3970,93.37416198204568
3971,102.4193438525422
3973,89.7256379066861
3974,108.33713396944862
3975,110.05256434185398
3977,90.02143364621372
3979,107.52981494046665
3985,93.30893230373087
3986,101.29556233012136
3988,107.57620407998112
3991,92.35587023021174
3992,104.82191630525526
3993,92.2658141022319
3994,89.32500849501258
3995,109.50384719722607
4005,109.98289684995225
4007,93.75997525178357
4008,103.6287575442239
4009,89.99056079729576
4010,105.1204918360289
4011,75.79143894912067
4012,91.46863194214954
4013,105.53506964258169
4015,110.09102973074172
4016,111.83582992787198
4018,109.96292248882779
4025,92.42092818743359
4026,110.41464011480113
4028,110.45996077451827
4029,94.3203332262774
4031,89.2211621387244
4032,109.70272873518797
4033,89.82272347139485
4034,101.79473991619872
4037,92.83818022151387
4038,104.66330756754718
4039,92.47243760412803
4041,93.87275857164536
4042,106.59603994033392
4043,93.99632438588745
4044,102.34502587859195
4045,89.93465502770502
4046,108.75115604838948
4047,94.28700744615708
4048,104.50943575168768
4049,92.97570586672353
4051,94.08724181588228
4052,109.00231999740242
4058,101.58467588082537
4062,105.50196982356374
4064,107.84411720260351
4067,93.37727743746319
4068,76.97060531415389
4070,92.89201035338357
4072,115.39010503656785
4074,110.9440393933595
4075,87.77967147672737
4076,112.2861372650448
4077,90.72289128453349
4078,109.78050097834324
4080,102.34502587859195
4082,110.11898604700227
4085,93.17512518411422
4086,108.50004180512701
4088,110.41464011480113
4089,91.8333081223423
4092,77.55505528093971
4094,88.38113219412122
4095,108.36224124405791
4096,91.46604917619001
4097,102.99461050294701
4102,91.7942526821034
4105,109.53602617037532
4107,109.7584499003325
4111,95.779277847803
4112,104.53767729038799
4113,92.8599245744923
4114,111.97795008165929
4115,90.70025552925773
4116,111.49696962219144
4117,92.0889253752162
4118,94.26431748453984
4119,108.55169705230546
4120,93.3425148940081
4122,77.09156602936594
4125,89.22839133046489
4126,110.677849862216
4129,110.5264212591681
4134,109.64082723868744
4137,87.18713593930818
4141,101.63358115607494
4142,95.14821063445581
4144,93.24071345388913
4145,104.96169448713145
4146,89.51909856511179
4150,93.09008596770542
4151,74.42592579343258
4154,93.37727743746319
4156,94.34917362849183
4157,109.39927265570728
4159,111.83582992787198
4160,95.70179240679462
4161,109.81662292458088
4168,93.44266766067983
4171,102.10994560418567
4172,106.11398372490285
4173,93.35069783544867
4175,90.60057677081483
4176,102.34502587859195
4177,93.24071345388913
4178,100.59226477564917
4179,92.85927169972959
4181,111.00056130456113
4183,94.3203332262774
4184,110.71093981210285
4185,89.73980218287159
4186,110.87604158328136
4188,116.06860407818553
4190,107.86846013818209
4192,88.74130509891805
4193,107.35138750929083
4194,109.70533259356989
4195,92.52107092429466
4196,77.1318637822872
4202,94.90587130188607
4203,105.9870427981059
4208,92.97697796504404
4209,109.42157742525578
4210,90.00474813777709
4211,109.02961548809836
4212,115.61095897680389
4214,103.09925897729752
4215,91.90064502477787
4216,109.14490624001107
4217,90.57772905683305
4219,93.35508890089164
4222,110.18779448470312
4224,79.15496497824132
4231,102.36164031667002
4232,94.3203332262774
4234,88.1664535638152
4236,93.24071345388913
4237,102.17021395643341
4240,90.24957046175706
4242,102.25118494458522
4243,94.55628282027145
4247,89.80176648591438
4248,111.15685814685384
4249,90.01357796837803
4254,102.72381540194331
4263,91.73788811661524
4265,108.15443194851471
4267,108.79498888037477
4268,109.86346513428558
4271,109.31738237760592
4272,93.8393402828064
4273,109.05385850259637
4274,91.76067107766437
4276,93.47144065373465
4278,93.884275632016
4280,93.15066264772858
4281,108.68266150172639
4283,89.10570797914951
4284,108.52056360280963
4285,94.72968520225155
4286,106.99040831656316
4287,86.98719588255369
4288,109.2237589199708
4289,90.5095657487137
4290,76.59859693845209
4293,90.64284409084627
4296,114.07296656921665
4297,90.79767502620928
4299,91.8043957786481
4303,112.20075420595971
4310,93.87311299713258
4312,103.29935320173348
4318,102.17021395643341
4320,112.49054178972767
4322,93.4974187372093
4323,115.76558248707335
4325,106.52734881566727
4326,110.38644322259097
4328,107.17719405497121
4330,102.97275417204122
4332,110.55638666939447
4333,90.48745333234348
4335,91.49454359304832
4336,110.49036485401797
4338,106.59746594693107
4341,95.27759733596145
4342,103.50057536620389
4344,101.58467588082537
4347,93.18647795906134
4348,102.93056395419903
4351,112.9243265289144
4352,93.9051846221175
4353,109.12099733151756
4355,104.48840366257934
4356,93.17512518411422
4359,103.67144293408538
4360,93.51196635123532
4361,94.33005427800407
4364,92.85904029795546
4365,105.79462211935453
4368,95.31983809463802
4372,93.41421241710998
4374,88.40851117833844
4376,93.46358210687764
4377,104.94480474617521
4380,92.75976569608429
4383,105.50047384740934
4384,93.884275632016
4385,104.75430184998473
4389,90.63117044889472
4391,94.75505520109117
4392,109.51902127596827
4393,90.82089666497023
4395,90.17844341348527
4396,109.2895555591488
4398,110.35394272290387
4399,104.12393540485078
4401,90.7003026187275
4406,93.74392877781808
4408,102.98480232941932
4412,102.93056395419903
4415,91.94161133574471
4418,109.65190000590292
4419,88.40851117833844
4420,78.19054775395381
4422,109.40703007970868
4423,88.40851117833844
4425,95.25135116769886
4428,107.20952126837389
4431,109.35545068290338
4434,91.24558742483337
4436,94.37823602370153
4437,108.59341594919891
4439,115.2495580707524
4440,91.82220933138719
4441,109.98311162639231
4444,97.33730624895139
4445,103.09925897729752
4446,93.02797837724665
4447,109.76910033979209
4452,104.86413264557225
4456,109.78308545305032
4457,92.87682267025232
4458,108.33870099811071
4460,93.17512518411422
4461,115.06258322843684
4462,90.66652687022741
4465,102.81153637192033
4466,106.6978502512699
4468,92.4589303675308
4469,106.88390873736401
4472,109.48817047204196
4475,95.70017697808365
4478,90.0332335141743
4479,109.10885474836505
4480,90.20876845010767
4483,76.07577654381612
4484,92.8652609584839
4485,102.77645260791121
4486,93.37416198204568
4488,92.97144973080292
4489,107.56270900502321
4490,94.43598010460121
4491,106.58813474347272
4492,94.9735640698043
4493,113.42232298158635
4494,92.29176563650367
4495,104.7792215302731
4498,78.13077755794231
4499,91.15055426002704
4500,103.07025103065101
4503,111.10340432528429
4505,103.38120902855626
4506,93.84633992287945
4507,93.88464620393569
4508,102.17021395643341
4510,110.04309882084232
4511,90.82689196590906
4513,93.74023004018278
4516,76.66217896035837
4519,91.08902123371745
4521,92.3125781834836
4531,90.30865327897223
4532,77.04318317413508
4533,93.86500307597046
4534,107.92145136020235
4536,102.17021395643341
4537,92.87682267025232
4539,95.17041452895688
4542,103.92031029034277
4545,89.10895663744549
4549,89.71608134818925
4551,92.96807066960878
4554,102.47097491865358
4556,109.11922815226163
4559,110.26042134420925
4561,107.92127969145079
4562,107.03284312356726
4566,110.8402042748652
4569,91.3221863838973
4570,109.2895555591488
4573,92.55484237559656
4574,105.28423616002323
4575,90.11931044157859
4577,92.52240005284423
4578,110.18779448470312
4580,106.26640079952028
4582,89.96311420977338
4583,109.40703007970868
4585,92.51881064628816
4587,102.17021395643341
4595,89.68236982712088
4596,109.87718636355686
4601,92.06337347804342
4602,117.59537374271272
4603,93.71251493097299
4605,113.63274238738397
4606,90.05466383342196
4607,113.3590346289829
4608,93.18006834765833
4610,94.7863527118173
4613,105.0958549372414
4617,93.75054202537368
4618,109.70251712852573
4619,87.95864455040515
4620,90.25525664138402
4622,92.91375240006178
4625,93.17512518411422
4626,102.17021395643341
4627,92.90060074111284
4629,90.33414341549718
4631,90.08437312621896
4633,102.17021395643341
4634,115.8194677770488
4635,93.12882925217968
4639,92.24568176806866
4640,105.22120412875617
4642,101.11225741114058
4644,109.32287423719416
4646,102.17021395643341
4647,94.82015600893368
4648,71.80073067936183
4649,92.10484693241133
4650,108.75186842115733
4655,89.71608134818925
4660,92.46486993005524
4661,109.49444975164724
4662,89.17603681994851
4663,108.04632512505324
4665,92.0077000156121
4666,111.08820461021156
4667,102.40740319300116
4668,92.75172046060887
4670,92.30629002699473
4671,110.78609425596275
4672,93.04639644228084
4673,101.0420259572175
4675,102.79647206659467
4676,89.80524451101994
4677,112.8843496302573
4680,93.05554507030354
4682,92.13287616563008
4683,109.84349313068537
4685,102.93056395419903
4686,97.05470089332687
4688,108.92267204505677
4690,108.33781387962799
4692,112.42136800347986
4693,90.37822542073849
4697,89.71608134818925
4700,109.35971769807671
4702,108.70146717780466
4707,114.67988541411596
4708,93.17512518411422
4710,78.71746403520619
4716,97.1153531887463
4717,94.93899035972242
4718,92.23494058087769
4720,93.44896516159093
4721,81.51363016791768
4723,89.5328757394215
4726,110.8019801536609
4727,89.90383315889517
4729,92.88438425688105
4731,92.87005835205287
4732,110.66218737830289
4735,91.41496058407017
4736,107.04301770896816
4737,93.71251493097299
4738,110.10751241928557
4739,109.5842271520107
4744,102.89260615269842
4747,91.66264566628098
4749,108.01867514503715
4750,93.17512518411422
4752,109.40703007970868
4755,97.63560876281406
4756,104.9346675262907
4757,109.41010053540123
4758,93.10806844415717
4759,103.07003126887884
4763,93.68807773954552
4764,101.93241890424659
4765,89.95404265069538
4766,90.17898101889537
4767,108.6474504868352
4769,108.93920059374346
4770,88.32449207233347
4771,78.13411258680901
4772,102.17021395643341
4774,109.70533259356989
4776,110.57529394013844
4777,108.6812202503018
4778,92.68319901741575
4780,95.10943888571244
4784,91.89408784558782
4786,94.11755916842915
4787,77.54027797079027
4788,91.29947343277547
4789,109.40703007970868
4791,105.9703526093933
4792,93.04038642050185
4795,107.99973894571444
4796,88.82465532340635
4803,88.0894926879968
4805,93.3462567508924
4807,91.78572432028253
4809,90.76371254727951
4816,91.58370790908606
4817,80.93793507527674
4818,90.98615436870216
4820,92.44975557421657
4821,102.51054036474599
4823,110.82941723542231
4824,92.17107154509668
4825,108.79526325265928
4829,105.18764130116509
4830,94.90587130188607
4831,111.05255551799877
4833,105.46345937968331
4836,90.38730456152288
4837,108.92267204505677
4838,89.10219421718574
4840,94.93433250439037
4841,74.96969586400023
4842,87.0168766139281
4843,109.29372833849959
4844,89.1588675081538
4849,114.17278545134386
4851,104.75237795719771
4852,91.63642622672492
4858,87.73621103709593
4860,94.90587130188607
4863,109.75880054025632
4864,92.02172592491823
4865,109.02495740682835
4867,109.29587691519205
4868,93.19604229428197
4869,110.51624162546116
4873,88.98188633378908
4875,95.90696546624616
4876,110.36966582503383
4877,84.52325052758329
4878,109.48304711105445
4880,77.3533031284741
4886,106.61493583970062
4888,102.93725500752095
4889,92.21523198589352
4890,108.72262035936697
4893,94.60258995609911
4895,91.27948090400736
4896,104.32359323434285
4899,89.51947078159964
4901,92.80089412308388
4902,108.07324899965195
4903,89.66158267246578
4904,109.40703007970868
4910,89.39129361413129
4912,88.92534152259859
4915,91.33397096166732
4916,103.1067658880618
4917,93.90318467774838
4920,102.17021395643341
4927,100.62789937648913
4928,92.69046102035628
4931,101.92304515835005
4934,90.56969229987652
4936,93.60741667782321
4939,111.23111881513076
4942,110.28075945077151
4943,94.71889645957089
4944,102.124135929815
4945,95.39975154796687
4947,109.11986692219017
4948,89.23634244765111
4951,92.55484237559656
4952,109.40703007970868
4953,88.98011208650718
4956,89.66158267246578
4957,111.56543711815956
4958,89.67680650118484
4960,91.92053109853782
4968,92.14492113711299
4969,104.63534186022387
4971,102.39538806447905
4973,109.58785807301047
4975,110.56973187874442
4976,91.11085648046435
4978,89.4154155559655
4979,107.14588889160659
4982,92.92286698975087
4983,109.49578294992082
4984,96.0183027422978
4985,115.06258322843684
4986,90.1766270447097
4987,113.21514406243845
4988,97.33730624895139
4994,91.22462485904254
4995,94.42059394570788
5002,76.0108672301673
5004,90.6617450234032
5005,102.38022123825942
5006,93.24071345388913
5007,104.91278961481854
5009,108.59329741144148
5011,109.58785807301047
5014,92.7662108594784
5015,104.11902513802985
5018,88.4865591916473
5019,108.59052164624596
5020,89.64355591459326
5021,109.55035810322892
5022,93.09519917870736
5023,91.0763661435085
5025,94.33619864525019
5032,92.23054829675308
5034,88.10103293158724
5036,88.69398423475636
5038,92.73048311436398
5039,110.08702424191947
5046,92.61809015768503
5049,108.59052164624596
5051,91.32110062485933
5052,87.80271667362703
5053,109.70533259356989
5054,93.93623591105734
5055,93.07335938126604
5057,92.87682267025232
5059,89.84175265166161
5062,92.75868511865681
5063,108.05749674441071
5065,108.48974312483055
5069,91.59944038493222
5071,92.58131680912456
5074,111.32870041580307
5075,88.66657186620651
5076,108.24993614715557
5077,76.97060531415389
5079,103.73077023619427
5080,90.9583116718477
5081,108.80519752449734
5083,104.37879845694226
5088,105.18488961861536
5089,91.59774106198492
5093,107.47916300816584
5094,101.87851935655266
5095,92.34660788184297
5099,112.18105977542925
5101,110.37604229652129
5103,102.8390991438686
5104,90.23620502770069
5105,107.98959087001023
5107,89.4218988122461
5108,110.00989465731641
5109,93.03888442225943
5111,89.80424093494017
5112,110.06858518666215
5113,93.95894845363316
5114,107.02771513696922
5115,95.70179240679462
5118,94.88966855754174
5122,93.93623591105734
5123,75.90523728210056
5125,93.92052500727576
5127,103.81809592139379
5128,90.95217998825439
5129,112.41429519672475
5132,93.24071345388913
5134,109.6709863347721
5135,92.64764149735302
5137,110.08892585200206
5142,92.85315168155543
5143,104.23596746305759
5144,90.13189498736347
5148,89.57548842200248
5149,91.69834091472
5150,104.96169448713145
5154,78.3154052787059
5155,87.70276300099428
5159,89.10415712758146
5164,91.24638971781215
5165,110.09825666364499
5166,91.45586321633388
5167,112.22959331574518
5169,84.90374061894826
5171,89.33828963932461
5172,109.60378267407717
5176,90.01719624860337
5184,105.98909937309921
5185,91.01367620068746
5186,110.66331736038215
5188,106.29916343306986
5189,109.78412774942488
5190,88.85549732012996
5191,110.09825666364499
5193,110.5264212591681
5196,93.02343141628953
5199,74.98323758136374
5200,106.29687864364146
5203,88.62103683892641
5204,108.86254308938413
5205,89.11071507787443
5207,92.45648534237793
5208,108.62217197997316
5212,93.7355471047793
5214,95.5782719095854
5218,89.8981170241164
5220,93.23784088789034
5222,89.70422738052261
5224,93.06555130848065
5225,102.17021395643341
5227,108.12916730211273
5229,103.33773030023521
5232,91.40490852657598
5233,114.29196754174522
5234,100.30367443369106
5237,109.2895555591488
5239,114.22339123021982
5240,90.7397785720418
5241,108.59052164624596
5244,89.48055361787704
5248,109.5020580287269
5251,89.58848773795492
5253,92.26415939344938
5255,95.42931357474387
5256,104.87177894779416
5257,93.60861436443295
5259,92.52586430756492
5260,107.8995299435872
5266,93.04664023895002
5268,89.84779703122305
5275,108.80519752449734
5276,108.36127550207127
5277,90.92855131725277
5279,93.5226068233772
5280,104.09817402169632
5281,93.01202714360247
5283,92.76185009915747
5284,77.45977699920098
5285,94.42059394570788
5286,104.3209670242934
5287,91.09505257232595
5289,90.0890020476603
5290,110.5264212591681
5292,105.0015479640947
5293,91.71866166961394
5294,102.87438103105887
5297,90.81808998785064
5299,104.32250715940073
5302,89.1468503140497
5305,71.97659809166808
5306,97.01177170633167
5308,93.04855519648073
5309,92.55104050299714
5310,108.41056285784782
5312,110.2617749400655
5316,110.62450889263096
5317,93.8314644151429
5319,77.46870353833125
5320,94.33619864525019
5323,93.10571700468202
5329,109.36998362931017
5331,109.96832446723172
5334,107.29498239583884
5336,111.42489204647768
5338,104.24052060087811
5341,93.05314263915312
5345,94.51613217084326
5348,90.52384698315706
5349,110.71605153528694
5355,105.57580003315681
5356,93.79368055815445
5360,107.19241157863905
5362,108.79367551591665
5364,112.90664535965827
5366,104.31181282350357
5367,93.71224343117265
5368,93.11293558445533
5370,93.51949346488735
5371,77.41542044603761
5373,105.83409840819056
5375,109.2895555591488
5376,88.7328859377711
5378,112.32110728405017
5379,92.24673510523664
5383,92.80382986045908
5384,105.38844009807764
5389,108.41071235346291
5391,77.4836320096313
5393,109.01686443985568
5395,108.63595347293167
5397,106.77110846063215
5398,89.9972374392385
5399,108.19703889415396
5401,114.14733203170277
5402,87.5793570299195
5403,108.8975788112937
5404,92.47769442576589
5407,77.1318637822872
5408,92.83846577739828
5413,112.43327889402426
5414,91.28509939245973
5417,92.77505686740369
5418,105.0015479640947
5420,108.3218378330844
5421,90.37909806852062
5424,93.4294675015245
5425,108.86254308938413
5426,89.69111040590818
5429,109.7447581207577
5431,92.71701183411156
5437,103.03006290451833
5440,87.1172775260401
5444,102.1929060992423
5446,103.6655078148955
5447,91.86323790099334
5451,92.9930935053425
5452,96.79674582415805
5455,100.30367443369106
5456,92.9326724537928
5458,87.80134843257159
5459,108.94174366733273
5460,94.12837935856743
5462,92.33092808447753
5463,108.17045361876299
5464,88.30448924524725
5465,108.09693424920158
5466,93.34166680689057
5467,102.14819241370037
5468,95.43155679552916
5469,108.04632512505324
5472,93.27795727532526
5474,88.86396845536032
5475,108.40424003045742
5476,93.83505587009967
5479,102.7521922246279
5480,109.00231999740242
5482,109.84535057231591
5485,89.67188194672559
5486,114.64132358597413
5488,74.72876897145053
5495,103.33773030023521
5496,91.80764882343587
5497,108.69781853565794
5499,107.08261875515635
5503,89.64027337272387
5504,93.57184626903467
5507,93.35069783544867
5509,88.78419636550504
5511,88.25263858671752
5512,106.39808671256861
5516,108.70401748354018
5517,92.78482842764473
5518,102.24891970741822
5521,93.67816683551385
5522,104.2599272420268
5527,93.15469196457497
5528,90.7402668243904
5529,109.02377775165978
5532,91.00147433231339
5533,110.09440177976879
5535,106.36246242878484
5536,101.94607814771803
5540,91.63703432450711
5547,92.23406138953266
5548,107.41420087010543
5550,76.45536557472109
5551,92.9810711972786
5554,108.60021961176835
5555,90.92425524575222
5559,106.02894080302781
5560,91.85855813076226
5561,109.20096953180536
5562,87.83213339623865
5563,107.13611564731454
5565,76.53624636343164
5566,91.6237910401772
5567,103.05699595417619
5568,93.07697335351912
5572,92.74404487581029
5574,93.34673735793783
5576,91.92353064090716
5579,109.69113001518966
5580,77.98746376354134
5581,92.82989244907009
5583,91.48591718134514
5584,110.59258662593956
5586,110.76167485016597
5587,90.34520867403307
5589,102.83017687221391
5591,102.73513205304712
5592,90.47964071467723
5593,111.64253178597346
5594,91.90099510671223
5595,76.97075993552741
5596,108.92267204505677
5597,108.44048499947425
5598,118.95121375403086
5599,95.39975154796687
5602,109.57282352428308
5603,91.90099510671223
5605,91.42155340014867
5607,88.38113219412122
5608,108.31925141707899
5609,86.83741789688291
5610,90.70025552925773
5612,93.14733421749852
5613,109.78412774942488
5614,93.8649193756595
5616,93.53214538239311
5621,93.15822708835418
5623,93.566609969479
5628,112.62960598683024
5629,93.07805784069257
5631,95.44093067259172
5633,93.85313299375082
5638,101.81398086765924
5639,93.07023893182023
5640,103.77212571751744
5645,91.62861464226557
5646,76.35212939889821
5649,86.1829771341363
5653,108.54060130191885
5655,108.90777387128186
5656,93.98621776761559
5658,93.7111076378236
5662,115.17187269500215
5663,89.98031525121937
5667,91.72542935788815
5670,95.39975154796687
5671,102.91457217267171
5672,93.85091579608545
5673,103.80404281275642
5674,93.47144065373465
5675,106.89057248090981
5676,93.53901596775088
5679,109.11979451796253
5683,107.44539599820024
5687,91.14064510894588
5688,77.55505528093971
5690,88.88146727278487
5691,110.5143343988295
5692,91.64249586574422
5693,111.21868779533924
5694,93.07320054329705
5697,110.07206880485023
5698,88.36280203368707
5699,108.33713396944862
5704,91.98719871431467
5707,109.11979451796253
5709,102.63433907239198
5710,92.74129614374823
5714,92.29042075464713
5718,92.41308604518522
5721,92.8349037598984
5723,89.68118748864566
5724,108.48974312483055
5725,93.17512518411422
5726,106.68011973947537
5729,94.13335838396176
5730,102.13310946862273
5731,92.47155674896521
5733,77.36080052466232
5736,91.7385466111074
5741,105.70168708003212
5745,108.00498357063724
5747,93.03948538644022
5748,104.40242038561087
5750,108.77439301900617
5751,92.29353992396057
5752,93.84363824445899
5754,92.68276868341627
5755,91.50750223749434
5757,90.4815419736468
5758,114.63546948146013
5760,105.39631209050964
5762,104.12763145490328
5766,108.87110918137256
5768,94.71889645957089
5769,116.13979251724463
5770,92.43002389005375
5771,109.59492463034746
5772,90.95932899369063
5773,113.0394147758445
5774,90.40474066833337
5776,90.42548235431343
5777,108.33713396944862
5778,89.05769783576554
5780,110.08702424191947
5782,91.7923348836579
5783,75.03124653624616
5784,94.90587130188607
5786,92.17477521837597
5788,93.31070172648322
5789,109.12099733151756
5790,96.18453501273521
5791,103.33773030023521
5793,102.63769172181611
5794,91.3789401424292
5796,115.2495580707524
5797,92.66368957202602
5801,91.8131487697684
5803,91.14064510894588
5804,111.97099046517476
5805,92.36467366898529
5806,78.12843043639018
5808,107.99973894571444
5813,92.57273678992169
5815,93.92133057407608
5816,105.95080404556381
5822,93.31745299398045
5823,108.21965944888908
5825,101.33422732509476
5827,108.36849015132924
5829,102.5320897763776
5830,92.9898264237589
5831,107.95524198134663
5832,91.8443073267176
5833,107.99973894571444
5837,112.92790850069258
5838,91.05753665115813
5839,93.94194426690903
5842,103.77212571751744
5844,109.09624604770377
5845,101.40137767469109
5846,107.11224161988429
5848,76.05278184263034
5850,113.67074149492151
5851,90.66128074256034
5853,94.71889645957089
5854,102.8560846695118
5858,103.77212571751744
5860,109.46520945493708
5864,103.5341358005169
5866,93.5768136535956
5867,109.11979451796253
5868,87.80224948212246
5869,108.37316128199251
5870,91.28035718747951
5871,111.68837736253231
5874,110.09825666364499
5876,111.31447734712421
5877,91.50703986929216
5878,91.36513417474093
5879,108.59052164624596
5880,87.3866804829903
5884,90.94998928895998
5886,108.86254308938413
5890,99.1467288337175
5896,98.62387240233912
5897,104.11653216412947
5898,94.71889645957089
5901,106.47289874695858
5903,109.70533259356989
5906,90.70025552925773
5908,109.00231999740242
5909,90.68161503003827
5910,109.78412774942488
5911,92.78202218298424
5912,112.90664535965827
5914,110.09825666364499
5919,109.58785807301047
5924,93.09405530452275
5926,92.718653290953
5929,101.70391626850841
5930,96.51618797320168
5932,93.3462567508924
5933,110.62038891471187
5934,89.33099087549945
5935,109.20638272148958
5936,89.07637845165863
5937,110.21430610687335
5938,92.1412775093405
5939,112.0136683354061
5942,109.2788675362733
5943,92.69946307379203
5944,103.82561119649702
5946,108.82149200410052
5951,91.06912071029387
5953,103.91068751228337
5954,92.97269952411443
5957,101.46625915890363
5961,91.78308181820643
5962,105.53506964258169
5964,77.9138192017173
5965,92.15549346865566
5968,110.09825666364499
5969,87.59469984626477
5974,91.46060552702386
5975,109.07263591345847
5978,74.96969586400023
5981,102.24891970741822
5982,93.25376267074645
5983,111.31212213202022
5989,111.30717016078452
5991,93.37613222074745
5992,105.81918976951641
5995,93.80445722218704
5996,104.0010414322833
5997,107.24496061318783
5998,90.19084538085573
5999,76.61538360989346
6001,107.05564884401053
6002,89.55214302038749
6003,108.82790521919893
6004,92.97269952411443
6006,112.71967051734153
6007,87.922825454931
6011,98.24753071674513
6012,104.81822996501373
6014,92.78202218298424
6015,103.19467791003541
6016,91.63513569829772
6017,107.82935553811825
6018,94.71889645957089
6024,93.53901596775088
6025,104.91411301713369
6026,108.67316863338118
6028,110.01899455370042
6029,74.523844327373
6030,88.78313246167542
6036,110.09825666364499
6040,92.36467366898529
6041,110.8019801536609
6042,91.77508610691311
6044,93.19037388782027
6045,103.33773030023521
6047,104.84546531763417
6048,90.36867703805609
6049,108.67390736558824
6051,114.76428071457444
6052,114.24871975164689
6053,91.10196460749773
6054,110.17221343565637
6058,105.44745135331878
6059,92.83600465621777
6062,94.33619864525019
6063,114.27992267992305
6064,101.40731885643467
6065,92.36467366898529
6067,89.55999622458378
6068,110.8257593693559
6070,104.26479588379743
6071,99.75666623040624
6072,108.86254308938413
6080,108.86254308938413
6081,91.08969811235377
6084,104.75240909406834
6087,91.02314420284289
6089,102.1081102384114
6092,108.86254308938413
6094,92.73358789584239
6095,108.92267204505677
6097,108.96908422840501
6100,91.2640052364055
6104,106.03303675379985
6105,92.02104456434984
6106,110.39222983262599
6107,77.10282571227901
6108,87.6714950507326
6109,108.86254308938413
6110,90.91033419367034
6114,108.86254308938413
6116,90.60140344212223
6117,106.4996661697341
6118,94.66559571766965
6123,76.77062201927856
6125,109.70533259356989
6128,107.92476266474085
6130,104.58483583465903
6132,111.12931745461424
6137,76.40054603100123
6139,111.10566627088943
6140,92.47769442576589
6141,108.38354615279617
6142,104.81065792825248
6144,116.44268289568802
6145,94.29865734595893
6146,90.61653239580298
6149,91.11595863802387
6156,90.11455417978294
6159,108.18181944365107
6160,92.47769442576589
6162,102.06932677795552
6164,108.77387844038168
6165,87.29325811126532
6168,77.18532949576934
6169,107.99973894571444
6170,91.75436125060511
6171,111.31837590808206
6172,88.93720422214886
6173,113.4027316423317
6176,94.13335838396176
6177,86.462163208128
6178,93.69001288474709
6180,94.49423486467373
6181,104.09817402169632
6182,93.65573074383848
6185,91.79953005709018
6186,107.21087759702792
6188,113.92913773790244
6189,91.3265527858474
6192,104.75240909406834
6193,92.23363483256125
6194,103.33773030023521
6195,90.69273279368667
6196,114.45006720022435
6197,91.55299014111495
6201,109.33672456902505
6202,91.37857956130301
6203,109.03359715081058
6204,92.4281904616162
6207,115.97333272049747
6209,93.31148609926072
6210,86.77168311745123
6211,112.25748384132069
6213,110.05257475075604
6216,88.1768542243828
6217,88.74445529906612
6219,93.14733421749852
6222,77.77666220904585
6223,92.5041637408699
6235,93.35069783544867
6240,93.11617951335612
6242,92.17058925703981
6247,93.47144065373465
6251,109.83554787209971
6254,111.65470708565283
6255,93.41461143855423
6260,101.92539777799163
6261,92.19648410737705
6262,101.18116354735442
6264,108.1959148483065
6269,106.17785955231815
6271,104.84853972411653
6275,107.2844038106372
6276,91.4571524086985
6278,92.56519090985708
6279,108.00498357063724
6281,109.31734555547317
6284,90.54450528286233
6286,90.98532409087576
6287,77.04070395676472
6288,91.67100178612401
6292,88.97104157292921
6293,92.08666688789265
6295,87.31677659336256
6298,112.32110728405017
6300,106.66059032942562
6304,103.51263594608857
6308,111.83582992787198
6310,92.61439300023682
6312,108.86254308938413
6320,92.47155674896521
6324,89.54520172685434
6325,109.1557348191088
6330,94.3082365095589
6336,108.95981957037586
6340,105.11722148491074
6341,93.35069783544867
6342,103.24276837578736
6344,90.87687612941
6345,114.12039770080443
6347,107.41420087010543
6348,95.48939299595921
6349,112.32110728405017
6351,77.54027797079027
6353,111.09572197688186
6354,92.96721420570339
6357,93.41862093904476
6358,103.30524891421065
6360,100.42214072253071
6363,112.62960598683024
6364,90.82689196590906
6368,108.17978110046998
6370,90.12454814985787
6371,92.04708654721608
6377,91.14638729274964
6379,90.38586171500043
6381,90.3692068647224
6382,78.3154052787059
6383,107.41420087010543
6388,109.8560723466021
6390,107.94630750766177
6392,102.5320897763776
6393,92.24732622449531
6395,91.90347386156893
6398,103.10811467438114
6401,78.12843043639018
6402,91.09720899393957
6403,109.79999316839796
6405,89.76232238814671
6406,91.30084240630279
6407,108.33713396944862
6409,104.2599272420268
6411,87.16830520392992
6413,93.69935549970148
6416,104.26343911689018
6417,89.55582814347358
6418,90.71539375545251
6419,115.42398413448828
6420,108.04164778397586
6426,107.93753943906668
6429,92.44626985363237
6430,92.7785246220459
6431,109.79999316839796
6432,93.31148609926072
6434,93.48931586117263
6437,108.90777387128186
6438,93.40225548371382
6439,100.74925701667473
6440,92.61493036984251
6441,91.41822889126354
6442,108.86254308938413
6443,99.85388929178154
6445,93.03948538644022
6448,109.00231999740242
6450,107.23688883718202
6453,93.62059215014946
6455,90.0503700428711
6457,90.70025552925773
6458,107.92498854537605
6461,92.58884250864674
6464,110.13147197787552
6467,92.19899637323277
6469,93.35753222586172
6470,78.01336048086426
6471,92.47769442576589
6473,101.3494252901207
6474,92.01652162985681
6479,92.47303226985088
6481,88.09396931581661
6484,108.10146505483132
6495,90.54275107685753
6496,108.01993031658085
6505,110.50519874054538
6506,92.93825971390288
6508,94.13335838396176
6509,90.88784670160533
6510,102.7521922246279
6512,101.9506171935553
6513,91.98719871431467
6514,110.71175627487133
6515,91.34695557478727
6519,92.74395811906658
6521,91.9669576950252
6523,76.45536557472109
6525,103.77212571751744
6526,91.37498322551761
6528,93.84334638485615
6529,107.95439174691009
6531,104.53943166159237
6533,104.96169448713145
6534,92.87943736831053
6535,108.82149200410052
6536,90.92572284714922
6537,109.85279319801268
6540,92.44601948746282
6541,107.41420087010543
6547,92.31153725081668
6548,107.87879707646417
6551,108.28980687929806
6553,111.25723816262689
6555,104.75240909406834
6556,93.35069783544867
6561,78.12115052242817
6564,89.99654586081931
6565,108.82149200410052
6568,92.89934527121042
6569,108.86254308938413
6573,104.46372004010775
6574,93.55847789947506
6577,109.24291988662398
6579,112.62960598683024
6581,88.37736039477812
6582,110.36966582503383
6585,104.09179369790309
6586,93.57322698531968
6589,106.19100434496855
6590,76.27450551759688
6593,87.83725291644288
6594,109.32754701834503
6595,88.93793101065145
6599,89.39093130236316
6600,92.8557812689226
6601,108.0801564466247
6602,90.82689196590906
6603,109.00231999740242
6604,91.75436125060511
6607,100.83945187460833
6608,104.16620040483778
6609,92.41902227238603
6611,90.46788662465843
6613,108.86254308938413
6614,88.38581591786593
6616,89.81392940607287
6617,108.86254308938413
6618,92.97269952411443
6619,103.6453603751163
6621,104.75240909406834
6627,103.44471633463831
6629,107.01737412096608
6631,75.92792431787802
6634,92.85772362206538
6636,92.769859262827
6638,92.89934527121042
6639,108.86254308938413
6641,108.21965944888908
6642,93.94307363435735
6651,113.83812806595476
6654,77.48865937439427
6657,94.74311693463778
6663,86.12054863870395
6665,108.49532921402604
6666,91.83911432976473
6668,92.57273678992169
6669,105.72204448489735
6670,92.84137954288227
6671,91.4855822800032
6673,91.10012134022583
6675,90.38051293259181
6676,77.54027797079027
6677,92.7418172179116
6679,90.03588537277713
6680,107.6829358988401
6681,102.7521922246279
6685,103.33773030023521
6688,92.5434525061311
6689,89.0537412494462
6690,109.17040385824592
6692,108.86254308938413
6693,92.01427702364961
6694,92.45648534237793
6698,115.78635787818186
6699,92.85315168155543
6700,107.62523218718005
6701,90.70025552925773
6702,108.64083886476709
6704,89.0537412494462
6707,110.88683781176087
6712,109.58785807301047
6713,90.62269857038086
6715,90.92968322789295
6721,107.46700523035437
6722,93.14733421749852
6723,110.5740391685556
6724,90.60912618807566
6725,115.0412863201671
6731,110.27985663261171
6735,73.54748885359122
6736,91.22798574175485
6737,104.98851063085081
6738,91.75242982366638
6739,106.9665218655449
6741,105.42735645276355
6743,89.60711424098156
6745,92.57273678992169
6747,108.46955724187845
6749,90.44036729917278
6750,102.47312579304773
6751,115.11982751611113
6752,94.08222047638236
6753,108.86254308938413
6755,115.29980148120757
6756,92.39620095289678
6757,100.99644717234605
6759,108.60596774114344
6761,90.07219566780817
6763,92.47769442576589
6764,116.13979251724463
6765,92.85815475184512
6766,108.84340901586634
6768,112.71967051734153
6771,89.0537412494462
6773,93.74317432559141
6774,91.81595759929061
6778,104.71070075570739
6779,88.77925437616545
6781,86.41779925822885
6784,95.35685821573631
6786,91.91458253170299
6787,109.71412598013364
6790,89.46705572515896
6793,102.22677991383932
6795,108.86254308938413
6798,111.11221454802751
6806,103.84679597666391
6807,93.45303358677458
6810,91.899865815049
6815,109.46448696558417
6816,90.33281263167314
6817,104.41617674641263
6818,96.482837526597
6819,104.84546531763417
6820,94.33939380865465
6822,91.8074319640242
6823,114.76428071457444
6824,107.99973894571444
6825,89.6065191869557
6828,75.5875711126619
6829,109.49548659227023
6831,107.15987283987619
6832,91.2636394996358
6833,107.90918792507796
6834,92.47769442576589
6836,89.85200259710047
6837,109.58785807301047
6838,88.07510082570398
6840,106.55401717469513
6843,90.5482673530637
6845,90.5327094299646
6846,92.37472915589797
6847,107.14883792731126
6851,108.6562462927063
6852,91.47502665420075
6853,106.82823145135333
6858,93.11637246957486
6861,111.42489204647768
6863,108.0801564466247
6864,77.1318637822872
6865,92.14826900059488
6866,109.2895555591488
6867,95.24830951706147
6868,104.26563954130887
6869,99.70695838096924
6870,107.99973894571444
6874,108.89111181013348
6875,94.3553442582218
6877,112.33697270302149
6878,90.01883709146963
6880,92.63262462282526
6883,108.33036249143714
6884,89.64892445038768
6886,93.17797099616018
6890,91.67023113508836
6893,107.47710563666311
6894,90.42917681541178
6899,112.33697270302149
6900,89.0715286311412
6904,91.84923967431259
6905,109.42042035499384
6906,88.16982113221002
6910,88.23934584936782
6912,106.69690123591324
6913,112.47699111827816
6920,90.95956587721076
6922,91.60324120158802
6923,108.86254308938413
6926,92.74530285049713
6927,107.40401452040172
6928,87.92780435950348
6931,110.11876536722698
6933,92.51573688886361
6936,82.16510759052102
6937,108.80519752449734
6939,110.84634000151286
6941,89.79779158211142
6942,112.19407588957898
6943,89.83791044521112
6944,104.06500556628413
6945,92.9001977845397
6946,106.35651047286771
6947,114.81047178895078
6949,102.93056395419903
6951,103.84420782361917
6953,109.18000661176112
6954,90.86886873812273
6955,107.7779113772782
6963,108.06067404683435
6964,87.51381078128964
6966,90.99435138004633
6968,91.76708806273044
6970,104.09817402169632
6972,110.8900653340871
6976,109.9732812895142
6978,109.2895555591488
6981,102.63667595588657
6985,102.75630495200775
6986,92.61604651374707
6987,108.60942246111335
6989,110.82109590238407
6991,114.76428071457444
6993,113.0020664804041
6994,91.52292737290418
6995,111.63658453871095
6996,93.12266396888742
6997,110.09825666364499
6998,71.55348548732314
7001,109.21588477907875
7003,111.09309584447197
7006,92.84067968065807
7008,99.9295589942046
7010,91.29305942773118
7011,92.96397524230292
7012,110.72664019936204
7013,94.41737405105573
7014,108.74233502622508
7017,104.27712285099884
7018,93.54237218075053
7019,90.46154804599274
7023,93.05153627411181
7024,104.57046464013592
7025,92.57627856677382
7026,110.52745685549331
7027,90.88929880110291
7028,115.67544937725671
7030,108.86254308938413
7031,87.67961989981862
7033,112.87311802543775
7036,90.44972271817656
7037,92.7829124057497
7039,92.4511342357651
7044,90.26858601545088
7045,109.58785807301047
7046,96.57336670507942
7049,102.12163894688153
7050,93.10449039027625
7051,104.09817402169632
7054,108.26635859638759
7055,88.5564190998019
7057,90.04553434295877
7060,112.33697270302149
7061,94.71889645957089
7063,87.68786007917504
7064,107.84844717362844
7067,92.63262462282526
7071,91.59749153106469
7074,100.85949840717214
7075,93.1049373985611
7078,109.58785807301047
7079,89.0537412494462
7080,111.27689414940119
7081,93.12695225967434
7082,109.70533259356989
7083,88.54704096394497
7085,109.08091068630013
7092,104.24052060087811
7094,90.94808720394923
7100,91.90183671719905
7101,108.98774118849212
7102,109.2895555591488
7104,108.3345703822157
7105,94.71889645957089
7106,90.34903213156929
7107,103.35117783917337
7108,75.93979299302612
7109,89.58187593418992
7110,108.80519752449734
7112,92.04735740032123
7113,102.7521922246279
7114,91.59601942137803
7116,109.40703007970868
7117,93.75066056964107
7118,103.70466706723153
7120,92.41944336285377
7121,103.47365375663671
7123,103.49986375390088
7124,92.71002788198047
7127,112.74134762716162
7131,103.46367937653633
7132,96.482837526597
7133,90.02299860678488
7134,108.80282336159559
7135,88.71744891504449
7136,108.40705026640697
7137,90.93977841860135
7141,90.00936193073075
7144,104.2599272420268
7147,108.63642821357612
7148,91.28201099616544
7150,87.8679605787496
7151,92.41944336285377
7152,103.46704047772295
7154,89.85241400987825
7156,94.1083054163918
7157,103.83808068755877
7159,114.27992267992305
7161,92.80078682659573
7163,92.19157545477637
7164,101.29149791489333
7167,77.47835969518351
7169,105.09353030034791
7170,93.66093349332152
7173,93.50662138882439
7174,106.72457805014537
7177,108.3472068745092
7178,106.4330826242799
7179,93.37727743746319
7180,78.42245855564201
7181,108.59052164624596
7182,92.05841934318971
7184,91.98719871431467
7185,109.51271858803769
7186,92.40631685298663
7187,114.34980648079464
7188,89.80176648591438
7189,110.87299317701743
7191,101.05254508303992
7193,108.84981672094167
7197,95.20599681123844
7199,90.51541698112639
7200,109.70533259356989
7201,88.71744891504449
7204,89.98105199876639
7207,107.1829021679707
7209,108.0801564466247
7210,92.80752804004459
7211,104.18893857533976
7213,91.48330426942537
7214,110.09825666364499
7216,109.49331194688968
7217,92.3928370121067
7220,111.05104646310353
7224,108.86254308938413
7225,92.7465216889419
7226,109.49331194688968
7227,92.17226766925592
7234,109.51271858803769
7236,75.63519488389922
7239,103.62370126070749
7240,92.99549017883399
7242,113.51344657630028
7244,108.7196177074762
7245,87.3406576646509
7247,108.43546573684364
7248,89.11557991849057
7249,115.06258322843684
7250,107.05989147429366
7251,89.52006838980088
7252,109.1785826378314
7253,77.1318637822872
7256,95.49750980793374
7260,92.47769442576589
7261,110.84798492225988
7264,94.84597515343012
7269,108.8601434756968
7270,90.31689060031005
7273,111.75143462741316
7279,89.50873566525371
7281,108.00498357063724
7284,92.609589672079
7285,109.71013733702367
7286,115.2495580707524
7287,89.30604651438858
7289,91.98719871431467
7292,90.65034935961994
7293,109.00231999740242
7296,93.036802790412
7297,108.58264005435998
7298,91.25440542675607
7299,110.44722996705127
7301,103.51576407610608
7304,108.74506428842008
7306,119.8985680132711
7308,91.98719871431467
7309,105.868426211322
7312,92.24967772091317
7313,77.1318637822872
7314,91.6641197009832
7316,89.03115777358093
7319,116.83818685533564
7321,90.95559732778591
7323,92.4580488129669
7324,104.56216024585407
7325,93.6332894455291
7328,98.8643162957734
7330,77.20328705359523
7334,93.75695314163033
7337,109.51271858803769
7338,93.58427608956396
7339,89.68253115242987
7341,87.18221736643468
7342,108.90777387128186
7344,109.28104847800097
7345,109.687231195641
7347,108.84981672094167
7349,108.00498357063724
7350,93.24491311345683
7353,106.69402649468458
7355,110.20492071786364
7356,88.46985566656541
7357,111.46164792228697
7358,94.04738015178731
7360,92.23801252878752
7363,105.478086800526
7364,93.53901596775088
7366,92.48301392998783
7368,93.13486221660071
7369,107.27990059937986
7370,88.08470246380034
7373,92.17241495365658
7374,107.90393761214347
7375,91.81406950731883
7377,93.1391397755217
7379,88.4985765258595
7380,114.03985610225921
7382,107.51655948949815
7383,91.13614156436432
7385,91.58244581018076
7386,101.89453655342245
7391,96.85371913225157
7394,104.52968585078803
7396,107.05989147429366
7397,89.7537762954706
7399,93.25495001431685
7400,105.29918731961797
7403,76.55848862683607
7405,109.03627829914899
7408,107.08138518129289
7414,107.89318160430909
7416,102.35400935681196
7417,91.15950770535449
7419,91.93434447613373
7420,104.06089841550161
7421,93.77031844347312
7422,93.24071345388913
7423,104.4378210788724
7425,75.49184496908377
7430,93.19457121359866
7432,93.03948538644022
7433,95.04338100867281
7434,109.39059852110887
7436,108.45270829456263
7437,90.94737435052843
7438,104.4028306274322
7440,102.31642790441808
7441,92.56818975612569
7442,109.0819074177869
7445,108.79291890072352
7446,100.13437711671925
7448,107.7807971036224
7450,100.15821862250343
7451,92.19648410737705
7454,113.74702388315941
7455,89.44856103456087
7457,107.81349731201013
7459,99.94740227440442
7462,91.53712180573041
7464,92.19648410737705
7465,107.7349792162602
7466,91.3706674107818
7467,105.40006016671029
7469,112.02836767960272
7472,91.52292737290418
7473,108.86254308938413
7479,93.75695314163033
7480,102.34502587859195
7484,110.26453097699655
7491,93.37613222074745
7494,103.39912135832199
7495,91.32879215114036
7501,87.43846879321092
7503,91.20028697508428
7504,102.7521922246279
7505,91.75436125060511
7508,110.01566173908094
7509,89.71608134818925
7510,77.1318637822872
7511,108.48974312483055
7515,92.01135366674418
7516,106.44238848427433
7517,92.39674310581384
7518,104.04643311981646
7519,92.89085486456977
7521,94.38409611437655
7522,101.53782243921805
7524,102.5078450088811
7526,104.28539018636641
7527,92.14052136445639
7528,104.95522520949089
7529,93.36271043389681
7534,110.3808303076604
7537,107.93902747186823
7538,89.35942208309777
7540,89.48647166517719
7541,109.73722005787852
7545,107.41420087010543
7551,113.2596516667906
7553,93.42044183550638
7554,103.39090038991094
7555,94.60658031266738
7561,110.05015088818914
7562,87.9708810241934
7564,87.64846856950561
7565,103.17969385030844
7566,92.23668883528762
7567,106.29376333242303
7569,103.01565631484061
7570,93.27757402266369
7571,113.83812806595476
7572,86.43104691973764
7574,108.12694523051083
7578,109.77268441848378
7579,90.4955737227122
7586,91.6628985887327
7587,80.20862607999811
7590,93.2638019782234
7593,108.86254308938413
7594,92.96782031976599
7595,92.23668883528762
7600,91.9347524278063
7601,74.35600967003526
7602,91.95195471675342
7603,107.19517142201272
7604,92.50043524631855
7606,91.4045960291636
7608,112.17656568816093
7613,76.8954795440311
7615,109.24730701127388
7616,108.46996319488699
7617,116.30481159339462
7618,92.14052136445639
7619,104.09817402169632
7622,90.88660261431221
7623,103.91545295485514
7624,93.68972779640765
7625,102.96545869954566
7626,93.12213932164451
7627,103.58269899080872
7628,72.9002407820297
7631,101.2217136588956
7632,103.33773030023521
7633,93.93074000627824
7634,117.15413306965701
7635,91.09676207486692
7636,110.09825666364499
7637,110.09825666364499
7639,92.71995784185688
7640,76.57064257996126
7644,109.70533259356989
7645,91.46060552702386
7648,105.70666410312765
7649,92.61494618535741
7650,107.99973894571444
7652,107.7349792162602
7653,91.31022675453647
7655,89.90482170081756
7659,109.63319181692367
7662,89.71463007594693
7664,90.36746423874774
7666,92.93601592027147
7668,93.25891420436665
7669,111.94031164168686
7670,90.93052976929471
7672,93.86548701225621
7673,108.51486191619787
7678,92.39717348931495
7679,77.42496724390108
7680,104.96169448713145
7683,90.66381533935828
7685,115.2495580707524
7688,93.54237218075053
7690,107.90029053825072
7692,91.92373796270252
7693,94.9916748259516
7695,109.51271858803769
7696,90.66210067939056
7698,91.58350469682932
7699,108.14884030966294
7702,89.38316794055265
7703,109.49331194688968
7704,94.72661871277299
7707,108.48974312483055
7713,75.52195762231918
7715,103.51927463393497
7717,110.28094419446793
7718,93.1777808946814
7719,103.86312745919466
7721,112.12392768934473
7722,94.87790916619522
7725,102.58730187934296
7727,100.45230375221215
7730,71.34610743894453
7733,88.66185343874534
7735,102.86731185049632
7740,109.49331194688968
7741,109.08051510842779
7742,90.54102591425647
7744,108.27642299278693
7747,91.05993630279391
7750,76.94064293089882
7752,109.32609501126709
7754,108.83221719116287
7756,102.21469782663715
7757,92.46639271699794
7758,104.02436576239202
7760,104.96169448713145
7761,93.64599173266942
7763,108.45971701631788
7765,94.52946605955538
7767,110.09825666364499
7768,91.93107095431566
7771,93.36570673558188
7773,91.04303384743656
7774,107.89941628236497
7776,105.18658491036851
7779,92.52875721887034
7783,87.81785661684503
7786,106.34530874555992
7787,92.51332811328552
7789,90.392985513621
7791,93.66101294775734
7793,92.11045920428757
7794,106.96926180135921
7795,87.1888858677865
7799,77.31883862460282
7800,106.75512204701539
7802,96.5419445978124
7805,103.87574141558149
7807,103.65317525026171
7808,93.7174046426255
7811,102.93056395419903
7817,108.46996319488699
7818,103.33773030023521
7819,92.78202218298424
7822,92.86990236370036
7823,109.3599310946133
7825,107.98940549906857
7828,92.15252614431614
7832,92.47769442576589
7833,77.21039556568245
7834,110.68996630614627
7835,95.0519288430639
7837,93.63328608752866
7840,90.08580476342621
7842,89.91288359036119
7843,106.67778724182511
7844,90.81939544589551
7846,93.64599173266942
7850,91.82950615596855
7853,108.21965944888908
7855,111.33836948203427
7858,93.32132612372814
7863,109.25497442987853
7865,109.58785807301047
7866,86.49350760985254
7868,90.4516871922836
7869,108.87078053183396
7871,77.47835969518351
7872,102.25494680341227
7874,103.37112579290832
7877,109.6332484245738
7878,91.46060552702386
7879,107.7623531685843
7881,89.79283910566261
7883,93.1151497416522
7885,101.69579109019503
7886,93.42044183550638
7889,93.00833039584225
7890,107.9475999633474
7891,92.01493334264865
7893,90.98532409087576
7894,102.94443426019652
7896,107.99973894571444
7898,102.29564588658391
7901,91.46360055714146
7902,108.84981672094167
7904,108.14576147791763
7905,94.33005427800407
7906,117.93505893356529
7909,92.57273678992169
7910,103.22789468460982
7913,90.68680937235499
7918,109.25868575574464
7919,88.71744891504449
7923,86.19581455164314
7925,93.53414263382427
7927,90.78104845951373
7930,93.3681315301221
7932,92.18253365949016
7933,90.10409773010062
7935,92.44903243136329
7939,101.7126341370872
7942,88.26850178604928
7943,109.0734743522192
7945,103.21349095829149
7946,93.13486221660071
7948,92.77964538558993
7949,108.86254308938413
7950,89.5168028103484
7951,110.09825666364499
7955,102.94225107291024
7959,93.53901596775088
7960,109.49331194688968
7961,92.59253806468317
7962,100.58626551795271
7964,100.45596861775448
7965,93.42113479561675
7966,109.70533259356989
7967,103.70472350571825
7968,89.87119577755854
7971,102.67164359646819
7974,88.71744891504449
7976,106.53999856381438
7978,109.16181452801916
7982,109.49331194688968
7983,92.97269952411443
7984,104.84546531763417
7986,89.27728383839184
7989,108.86254308938413
7991,108.84981672094167
7992,113.08954894343015
7993,86.90674766581947
7994,109.2895555591488
7995,92.47769442576589
7997,92.60490675856225
7998,104.84546531763417
7999,108.46996319488699
8002,90.49560779625014
8007,93.71310084600034
8009,91.14209584953528
8011,93.11600393502458
8013,92.93142660119935
8015,102.82892480992317
8017,110.5921409614075
8019,115.2495580707524
8023,92.37971513647838
8024,108.90777387128186
8026,108.28980687929806
8027,90.37687556151491
8029,92.19157545477637
8030,111.47074289045804
8031,92.57196552207658
8033,89.59663873404715
8035,91.79427610934596
8036,100.62148776598278
8039,102.28916134702246
8042,91.01756930703857
8044,89.95785944446774
8046,71.52804735403816
8048,110.38680855968741
8049,94.33005427800407
8050,105.02271745018243
8053,90.03424022048833
8054,91.72618967856116
8059,91.83406972203471
8061,89.85162336581652
8062,107.4487082655526
8064,111.5607572862841
8066,107.07649664607703
8067,91.27081593341865
8068,94.0854554502524
8070,93.02453302223626
8071,109.11979451796253
8072,89.28128100579777
8076,88.93411925732298
8080,89.4792953040475
8081,106.89632088469305
8084,104.41904301273831
8087,106.74476897839355
8089,89.91391670770022
8090,114.29196754174522
8091,101.58467588082537
8094,111.24879773717822
8100,88.77235564639082
8101,93.63381123938541
8110,92.55897742181611
8111,108.84981672094167
8112,91.98609846870562
8115,112.24714520044341
8116,95.2399486871265
8118,111.5607572862841
8121,115.42398413448828
8125,109.5212486714363
8127,108.76835173735924
8128,92.577971555695
8129,108.28014406430506
8131,96.07251310806765
8138,92.62579872063458
8139,104.59836677876072
8140,91.05140917352139
8141,91.04303384743656
8142,110.41926105597102
8143,108.43939710566983
8145,108.28980687929806
8146,89.34981423556275
8148,108.0801564466247
8153,110.48946703495429
8154,84.38755414360122
8155,110.37840731713825
8161,91.85094071989528
8162,108.45194248371953
8163,89.71608134818925
8166,108.74608330322752
8168,110.88960144803178
8170,88.41292686214399
8172,108.84981672094167
8173,88.71744891504449
8176,105.2936371957135
8179,90.9713545536656
8181,92.41902227238603
8182,115.0301982193791
8184,108.67782322071315
8190,104.96169448713145
8191,91.93304753059354
8194,108.26895114133436
8196,106.8120564773991
8198,110.51122054702299
8199,108.70401748354018
8201,107.78276198208482
8202,92.9022912789558
8207,93.42113479561675
8208,108.28014406430506
8211,107.03153678394861
8214,108.4569517960271
8217,91.73170455143082
8218,107.52084395246527
8222,92.93000584727253
8229,104.41600988848558
8231,93.00153224166515
8233,93.00421041792481
8236,93.28910721663664
8238,109.51271858803769
8240,103.86389004773017
8243,102.78826676941223
8246,108.26891409489207
8250,89.21468122103352
8254,94.87790916619522
8256,76.77992797302386
8257,108.61318217439876
8258,87.33775564934149
8260,93.54237218075053
8261,109.06658779576433
8263,112.84907600430141
8264,91.48448883146716
8267,108.02530306455773
8268,89.30604651438858
8271,91.35860687623966
8272,108.28014406430506
8275,92.63222539149425
8276,91.89518603372645
8277,102.54847802020683
8278,114.27992267992305
8279,90.08900335684226
8280,108.51929232832961
8281,92.8349037598984
8282,109.24564455636997
8287,110.46040454155752
8288,88.71744891504449
8289,110.10593715746816
8294,92.21311025329032
8296,91.8033838452024
8299,110.3266309147218
8302,104.2599272420268
8308,110.50954349874564
8314,101.14617201381384
8315,93.54372523949598
8316,112.25656345153632
8317,92.22490279366133
8319,112.93176879767938
8320,90.23932542466719
8321,115.61095897680389
8323,91.3872618173992
8325,92.77054933011706
8326,108.0073212639366
8328,108.84981672094167
8330,106.73553428841399
8331,91.42788716469903
8332,107.92864477511986
8334,92.96968266725807
8338,89.6086715934824
8339,92.10697940293991
8341,89.65069728279148
8345,108.82149200410052
8346,92.41902227238603
8347,104.10634824769033
8349,93.39959842616929
8351,91.85094071989528
8352,110.1897956237265
8353,108.84981672094167
8355,110.02626171146193
8358,108.46996319488699
8359,105.8665329152384
8360,90.48277168985852
8361,110.64895373252682
8363,101.13778923916183
8364,93.94695009409872
8365,93.88732312870548
8366,102.7521922246279
8370,105.410900311673
8372,90.20266354236264
8376,92.2487634199031
8377,111.68268848505828
8379,108.56035542080295
8380,87.73269963126023
8381,113.45676944164887
8386,88.92828752636854
8388,102.89131584973524
8389,92.2793509981937
8391,107.75997674775562
8394,94.87790916619522
8396,102.16758468200769
8398,103.42410898406555
8400,110.5720849437356
8401,89.0676993675043
8404,89.65069728279148
8407,93.24071345388913
8408,107.41420087010543
8409,107.27753840043178
8410,107.0708559028576
8411,92.25595522985466
8413,89.33578221927462
8414,109.35575531709509
8416,92.8652609584839
